"ï..Age","BusinessTravel","Department","DistanceFromHome","Education","EnvironmentSatisfaction","Gender","JobInvolvement","JobLevel","JobRotation","FeedbackFromManager","Mentoring","JobRole","MonthlyIncome","MonthlyRate","NumCompaniesWorked","OverTime","PercentSalaryHike","RelationshipSatisfaction","StockOptionLevel","TotalWorkingYears","Training","WorkLifeBalance","YearsAtCompany","YearsInCurrentRole","YearsSinceLastPromotion","YearsWithCurrManager","Performance"
37,"Travel_Frequently","Research & Development",1,3,2,"Male",3,1,1,"L","Y","Research and Design Specialists",2326,11411,1,"Yes",12,3,3,4,"N",2,4,2,1,2,40
54,"Travel_Frequently","Research & Development",25,4,4,"Female",3,3,2,"L","N","Manufacturing Director",10502,9659,1,"No",17,1,1,33,"Y",1,5,4,1,4,66
46,"Travel_Rarely","Finance",13,4,1,"Female",3,3,1,"L","Y","Accountant",8100,8910,7,"Yes",15,2,0,5,"Y",2,2,5,2,5,60
39,"Travel_Rarely","IT_Suppport",13,4,2,"Male",3,2,4,"L","N","IT specialists",5717,6289,7,"Yes",15,4,0,5,"N",2,2,3,1,4,27
31,"Travel_Rarely","Sales",13,4,2,"Male",1,2,1,"L","N","Sales Executive",6172,20739,4,"Yes",18,2,0,12,"N",2,7,7,7,7,28
52,"Travel_Rarely","Research & Development",23,4,2,"Male",3,3,1,"L","Y","Customercare Representative",10445,15322,6,"No",19,4,0,18,"Y",3,8,6,4,0,51
41,"Travel_Rarely","Human Resources",8,4,2,"Male",2,5,2,"H","N","Manager",19141,8861,7,"No",15,2,3,23,"Y",2,21,6,12,6,61
25,"Travel_Rarely","Sales",11,3,4,"Male",4,2,2,"H","N","Sales Executive",4851,15678,3,"No",22,3,1,4,"Y",3,3,2,1,2,59
60,"Travel_Rarely","Sales",19,4,2,"Male",4,2,3,"L","N","Sales Executive",5220,10893,9,"Yes",18,2,1,12,"Y",3,11,7,1,9,71
34,"Travel_Rarely","Sales",21,1,2,"Female",3,2,2,"H","Y","Sales Executive",5714,5829,9,"No",20,1,0,6,"Y",2,6,5,1,3,61
58,"Travel_Rarely","Sales",10,4,4,"Male",3,4,2,"L","N","Sales Executive",13872,24409,0,"No",13,3,0,38,"Y",2,37,10,1,8,33
47,"Travel_Frequently","Finance",12,4,1,"Female",3,3,3,"H","N","Accountant",9542,10496,2,"No",15,3,0,9,"N",3,7,7,3,4,48
37,"Travel_Rarely","Research & Development",6,2,4,"Male",3,2,1,"H","N","Manufacturing Director",6347,23177,7,"No",16,3,2,8,"Y",2,6,2,0,4,55
32,"Travel_Rarely","Production",18,4,1,"Male",3,1,1,"H","N","Machinists ",2795,18016,7,"Yes",24,3,0,1,"N",1,1,0,0,1,23
34,"Travel_Rarely","Research & Development",15,4,4,"Male",2,2,3,"H","N","Manufacturing Director",5957,23687,6,"No",13,2,1,13,"Y",3,11,9,5,9,84
37,"Travel_Rarely","Sales",16,2,2,"Male",2,2,4,"L","Y","Sales Executive",4189,8800,8,"No",14,1,2,5,"Y",3,5,2,0,3,79
42,"Travel_Frequently","Sales",21,3,3,"Female",3,4,2,"L","N","Sales Executive",13525,14864,5,"No",14,4,1,23,"N",4,20,4,4,8,36
36,"Non-Travel","Sales",5,4,4,"Male",1,2,1,"L","N","Sales Executive",5406,10436,4,"No",24,1,1,15,"N",2,15,12,11,11,37
50,"Travel_Rarely","Research & Development",10,1,1,"Male",3,5,4,"H","N","Research Director",19144,15815,3,"No",14,1,2,28,"Y",2,10,4,1,6,80
35,"Travel_Rarely","Research & Development",14,1,4,"Female",3,2,2,"L","Y","Customercare Representative",4014,19170,6,"Yes",25,4,1,10,"Y",1,10,6,0,7,53
30,"Non-Travel","Research & Development",19,2,3,"Female",3,2,2,"H","N","Manufacturing Director",4695,12858,5,"Yes",18,3,0,10,"Y",3,8,4,1,7,54
53,"Travel_Rarely","Finance",7,3,2,"Male",2,2,1,"L","Y","Accountant",8144,8958,8,"Yes",16,4,0,10,"N",3,6,4,1,7,62
28,"Travel_Rarely","Sales",16,3,2,"Female",3,1,4,"L","Y","Sales Representative",2856,3692,6,"No",19,4,1,1,"Y",3,1,0,0,0,63
29,"Travel_Frequently","Research & Development",2,3,4,"Male",4,2,4,"L","Y","Customercare Representative",6294,23060,5,"Yes",12,4,0,10,"Y",4,3,2,0,2,80
45,"Travel_Rarely","Research & Development",10,3,2,"Male",1,3,2,"H","Y","Customercare Representative",10851,19863,2,"Yes",18,2,1,24,"N",3,7,7,0,7,44
42,"Travel_Rarely","Finance",16,3,2,"Female",2,2,2,"L","Y","Accountant",8200,9020,4,"Yes",19,2,1,5,"N",3,8,2,2,4,79
32,"Travel_Frequently","Research & Development",18,2,1,"Female",4,1,2,"L","N","Research and Design Specialists",2432,15318,8,"Yes",14,1,0,8,"Y",3,4,1,0,3,50
39,"Travel_Rarely","Finance",22,4,1,"Female",2,3,3,"H","Y","Accountant",9412,10353,2,"Yes",15,4,0,5,"Y",1,4,5,3,2,68
45,"Travel_Rarely","Sales",8,3,4,"Female",3,2,1,"L","N","Sales Executive",4850,23333,1,"No",15,3,0,8,"N",3,5,3,0,1,20
47,"Travel_Rarely","Research & Development",7,5,4,"Male",3,5,4,"H","N","Research Director",18300,16375,4,"No",11,2,1,21,"Y",3,3,2,1,1,80
44,"Travel_Rarely","Research & Development",22,2,2,"Male",3,1,2,"H","Y","Research and Design Specialists",2559,7508,9,"Yes",13,4,0,8,"Y",3,8,7,7,1,53
30,"Non-Travel","Sales",22,2,4,"Female",3,2,2,"L","N","Sales Executive",4736,6069,7,"Yes",12,2,1,4,"N",4,2,2,2,2,48
52,"Travel_Rarely","Research & Development",7,4,3,"Male",2,5,3,"H","Y","Manager",19999,5678,0,"No",14,1,1,34,"Y",3,33,18,11,9,81
38,"Travel_Frequently","Research & Development",3,3,4,"Male",3,2,1,"L","Y","Research and Design Specialists",4735,9867,3,"No",15,4,2,19,"N",4,13,11,2,9,47
48,"Travel_Rarely","Finance",12,4,2,"Female",3,3,2,"L","Y","Accountant",8289,9118,9,"Yes",18,3,0,7,"Y",3,8,3,3,5,79
53,"Travel_Frequently","Finance",3,3,2,"Female",3,3,2,"L","Y","Accountant",9381,10319,9,"No",15,4,0,8,"Y",2,7,7,2,6,76
32,"Travel_Rarely","Production",5,4,3,"Female",3,2,3,"H","Y","Manufacturing Director",6725,13554,7,"No",12,3,1,8,"Y",4,8,7,6,3,76
29,"Travel_Frequently","Sales",17,3,3,"Male",4,1,2,"L","N","Sales Representative",1091,10642,6,"No",17,4,0,1,"N",3,1,0,0,0,36
32,"Travel_Frequently","Production",19,4,1,"Male",3,2,4,"H","N","Machinists ",5309,21146,6,"No",15,4,2,10,"Y",3,10,8,4,7,63
50,"Travel_Rarely","Research & Development",23,3,2,"Female",2,2,3,"L","Y","IT specialists",9375,10313,4,"No",17,2,1,9,"Y",1,2,6,1,2,54
41,"Travel_Rarely","Production",6,4,2,"Female",1,1,1,"H","N","Machinists ",2778,17725,3,"Yes",13,3,1,10,"N",2,7,7,1,0,32
29,"Travel_Rarely","Sales",11,3,2,"Female",3,3,2,"L","N","Sales Executive",7639,24525,1,"No",22,4,3,10,"Y",2,10,4,1,9,50
30,"Travel_Rarely","Sales",17,3,2,"Male",3,1,2,"L","N","Sales Manager",1081,16019,4,"No",13,3,0,1,"N",2,1,0,0,0,44
45,"Travel_Rarely","Research & Development",9,4,4,"Male",3,2,2,"H","Y","Research and Design Specialists",3697,9278,9,"No",14,1,2,12,"Y",3,10,9,9,8,59
37,"Travel_Frequently","Sales",17,4,1,"Male",3,1,2,"H","N","Sales Manager",2793,2539,4,"No",17,3,1,13,"Y",3,9,8,5,8,59
38,"Travel_Rarely","Sales",2,4,2,"Female",1,2,2,"L","Y","Sales Representative",5405,4244,1,"Yes",20,1,2,20,"N",2,4,2,0,3,45
43,"Travel_Frequently","Sales",1,3,4,"Male",2,2,2,"L","N","Sales Executive",6804,23683,8,"No",18,3,1,7,"N",3,2,2,2,2,43
43,"Non-Travel","Research & Development",14,3,4,"Male",4,1,4,"H","Y","Research and Design Specialists",2089,5228,4,"No",14,4,3,7,"Y",4,5,4,2,2,64
52,"Travel_Frequently","Finance",21,4,1,"Female",2,2,1,"H","Y","Accountant",9771,10748,3,"No",17,4,0,8,"Y",2,9,2,3,5,60
47,"Travel_Rarely","Sales",15,4,4,"Male",3,2,2,"L","N","Sales Executive",4960,11825,1,"No",12,4,0,20,"N",3,7,7,1,7,48
30,"Travel_Frequently","Research & Development",19,4,4,"Female",2,1,4,"L","Y","Research and Design Specialists",4968,26427,9,"No",16,4,0,10,"Y",3,9,7,0,7,65
47,"Travel_Rarely","Sales",18,3,3,"Female",3,2,2,"L","N","Sales Executive",4591,24200,9,"Yes",17,3,1,11,"N",2,5,4,1,2,46
35,"Travel_Rarely","Production",8,2,3,"Male",2,1,4,"L","N","Machinists ",2690,7713,5,"No",18,4,1,1,"Y",2,1,0,0,1,64
29,"Travel_Rarely","Finance",21,3,2,"Male",3,3,2,"H","N","Accountant",9218,10140,8,"Yes",18,1,1,8,"N",3,4,6,1,4,35
37,"Travel_Rarely","Sales",19,3,4,"Male",3,2,3,"H","N","Sales Executive",9602,3010,8,"Yes",11,3,1,17,"Y",2,3,0,1,0,75
50,"Travel_Frequently","Sales",2,2,2,"Male",3,2,2,"L","N","Sales Executive",6796,23452,7,"Yes",14,1,1,18,"N",3,4,3,1,3,42
56,"Travel_Rarely","Production",2,2,1,"Male",3,1,2,"L","Y","Machinists ",2587,10261,6,"No",16,4,0,5,"Y",3,4,2,1,0,60
58,"Travel_Rarely","Research & Development",16,3,3,"Female",2,3,2,"H","Y","Customercare Representative",10552,9255,3,"Yes",13,4,1,24,"Y",3,6,0,0,4,57
50,"Travel_Rarely","Finance",17,4,1,"Male",2,3,1,"L","Y","Accountant",9029,9932,4,"Yes",19,2,0,9,"Y",3,3,3,1,6,75
28,"Travel_Rarely","Production",23,2,1,"Male",3,1,2,"H","N","Machinists ",2207,22482,2,"No",16,4,1,4,"N",2,4,2,2,2,36
28,"Travel_Rarely","Finance",17,4,2,"Female",2,3,1,"H","Y","Accountant",9471,10418,2,"Yes",15,2,0,6,"Y",1,5,5,2,2,78
34,"Non-Travel","Sales",21,4,3,"Female",3,2,2,"L","N","Sales Executive",6538,12740,9,"No",15,1,1,6,"N",3,3,2,1,2,43
47,"Travel_Frequently","Finance",3,3,2,"Female",2,2,2,"L","Y","Accountant",8296,9126,7,"No",19,2,1,7,"N",2,3,6,1,2,72
36,"Travel_Rarely","Research & Development",19,4,2,"Female",3,3,2,"L","N","Customercare Representative",8008,22792,1,"No",12,3,2,9,"N",3,3,2,0,2,48
35,"Travel_Rarely","Research & Development",6,3,4,"Female",2,3,2,"H","N","Manufacturing Director",10685,23457,2,"Yes",20,2,1,17,"N",3,17,14,5,15,43
28,"Travel_Rarely","Production",15,3,3,"Male",2,1,2,"L","Y","Machinists ",2028,12947,5,"Yes",14,2,0,6,"N",3,4,2,0,3,30
33,"Non-Travel","Research & Development",12,3,4,"Male",3,2,2,"L","Y","Research and Design Specialists",3055,6194,7,"No",15,4,2,11,"Y",2,9,8,1,7,70
42,"Travel_Rarely","Sales",14,2,4,"Male",3,5,2,"L","N","Manager",18303,7770,2,"No",13,2,0,21,"N",4,1,0,0,0,41
27,"Travel_Rarely","Research & Development",8,4,4,"Female",3,1,1,"H","Y","Research and Design Specialists",2394,25681,8,"Yes",13,4,0,8,"N",3,8,2,7,7,27
50,"Travel_Rarely","Sales",10,4,4,"Male",3,1,2,"H","N","Sales Representative",3875,9983,1,"No",15,4,1,4,"Y",3,2,2,2,2,62
49,"Travel_Frequently","Research & Development",4,1,3,"Male",2,2,4,"H","N","Research and Design Specialists",5130,24907,1,"No",23,4,1,10,"Y",3,10,7,1,7,79
32,"Travel_Rarely","Sales",23,3,4,"Male",2,2,2,"H","Y","Sales Executive",5484,16985,1,"No",14,3,1,13,"Y",2,13,8,4,8,57
38,"Travel_Rarely","Research & Development",16,4,4,"Male",3,2,2,"L","N","Manufacturing Director",6553,7259,9,"No",14,2,0,14,"N",3,1,0,0,0,49
34,"Travel_Rarely","Production",16,2,1,"Male",3,2,4,"L","N","Manufacturing Director",4325,17736,1,"No",15,3,0,5,"Y",3,5,2,1,3,32
55,"Travel_Rarely","Research & Development",19,4,4,"Male",3,2,4,"H","N","Customercare Representative",4035,16143,4,"Yes",16,2,0,4,"Y",3,3,2,1,2,80
31,"Travel_Frequently","Sales",11,4,2,"Female",1,1,2,"L","Y","Sales Representative",1359,16154,4,"No",12,2,0,1,"N",3,1,0,0,0,36
28,"Travel_Rarely","Sales",4,2,4,"Female",3,2,2,"L","N","Sales Executive",9854,23352,9,"Yes",11,4,0,6,"N",3,2,0,2,2,36
39,"Travel_Rarely","Sales",22,4,1,"Male",2,2,4,"H","N","Sales Executive",6120,3567,1,"Yes",12,4,2,8,"Y",4,5,4,1,4,63
34,"Travel_Rarely","Research & Development",23,3,3,"Female",2,3,1,"H","Y","Manager",11631,5615,2,"No",12,4,0,14,"Y",3,11,10,5,8,62
31,"Travel_Rarely","Sales",3,3,2,"Female",1,2,1,"L","N","Sales Executive",4559,24788,3,"Yes",11,3,1,4,"N",3,2,2,2,2,15
50,"Non-Travel","Research & Development",1,4,1,"Male",3,4,1,"L","Y","Manager",17924,4544,7,"No",11,4,1,31,"Y",3,31,6,14,7,58
34,"Travel_Rarely","Sales",24,3,4,"Male",2,3,2,"L","Y","Sales Executive",7083,12288,6,"Yes",14,4,0,10,"Y",3,10,9,8,6,73
40,"Travel_Rarely","Finance",15,3,2,"Male",2,2,2,"H","Y","Accountant",8599,9459,7,"Yes",20,2,1,5,"Y",2,9,2,2,7,79
36,"Travel_Rarely","Research & Development",17,4,4,"Female",3,2,3,"L","Y","Research and Design Specialists",6962,19573,1,"Yes",22,4,1,15,"Y",3,1,0,0,0,75
38,"Travel_Rarely","Finance",14,3,1,"Female",3,2,2,"L","Y","Accountant",8702,9572,3,"Yes",20,3,0,7,"Y",1,2,4,1,4,61
33,"Travel_Rarely","Research & Development",14,1,2,"Female",3,1,2,"L","N","Research and Design Specialists",3452,17241,6,"No",18,1,0,5,"N",3,3,2,0,2,48
32,"Travel_Rarely","Research & Development",24,4,4,"Male",2,2,4,"L","Y","Manufacturing Director",9679,10138,6,"No",24,2,0,8,"Y",3,1,0,0,0,64
43,"Travel_Rarely","Research & Development",15,3,3,"Male",1,5,2,"H","N","Research Director",19740,18625,3,"No",14,2,1,25,"Y",3,8,7,0,7,66
46,"Travel_Rarely","Sales",20,3,1,"Female",4,4,2,"L","Y","Sales Executive",13225,7739,9,"No",12,4,1,25,"N",3,19,17,2,8,42
31,"Travel_Frequently","Production",7,3,1,"Female",3,1,1,"L","N","Production Supervisors",5838,6422,9,"No",20,3,0,9,"N",3,5,6,2,2,37
55,"Travel_Rarely","Finance",7,3,1,"Male",2,2,2,"L","Y","Accountant",8690,9559,9,"Yes",16,1,1,10,"Y",3,4,6,2,3,74
39,"Travel_Rarely","Research & Development",5,2,1,"Male",3,2,1,"H","N","Manufacturing Director",4534,13352,6,"No",11,1,0,9,"Y",3,8,7,1,7,51
35,"Travel_Rarely","Research & Development",8,2,2,"Male",2,2,1,"H","N","Manufacturing Director",5916,15497,3,"Yes",13,1,0,8,"Y",3,1,0,0,1,55
45,"Travel_Rarely","Sales",2,2,4,"Female",3,4,2,"L","N","Manager",17650,5404,9,"No",13,2,1,26,"N",4,9,3,1,1,49
36,"Travel_Rarely","Research & Development",1,4,2,"Female",2,1,4,"L","N","Research and Design Specialists",3419,13072,9,"Yes",14,4,1,6,"Y",4,1,1,0,0,49
41,"Travel_Frequently","Research & Development",11,3,4,"Female",3,2,4,"H","Y","Research and Design Specialists",5467,13953,7,"Yes",14,1,2,12,"Y",2,6,2,3,3,67
33,"Travel_Rarely","Research & Development",8,4,3,"Male",2,1,2,"L","Y","Research and Design Specialists",2799,3339,3,"Yes",11,2,0,6,"Y",3,3,2,0,2,59
40,"Travel_Rarely","Human Resources",7,2,3,"Male",3,4,4,"L","N","Manager",16437,17381,3,"Yes",21,4,0,21,"Y",3,21,7,7,7,65
29,"Travel_Rarely","Research & Development",22,5,3,"Female",2,1,2,"L","N","Research and Design Specialists",2546,18300,5,"No",16,2,0,6,"N",4,2,2,1,1,7
50,"Travel_Rarely","Sales",1,2,1,"Male",2,1,1,"L","N","Sales Manager",2683,3810,1,"Yes",14,3,0,3,"N",3,3,2,0,2,50
49,"Travel_Rarely","Finance",5,4,1,"Male",3,3,1,"L","Y","Accountant",9898,10888,2,"No",17,2,1,6,"N",1,2,2,1,2,82
34,"Non-Travel","Research & Development",14,1,1,"Female",2,1,1,"H","Y","Research and Design Specialists",2029,15891,9,"No",20,3,3,5,"N",3,5,4,0,0,47
34,"Travel_Rarely","Sales",3,2,3,"Female",3,2,1,"H","Y","Sales Executive",6500,13305,2,"No",17,2,1,6,"Y",3,3,2,1,2,56
39,"Travel_Frequently","Research & Development",9,3,1,"Female",3,2,1,"L","N","Manufacturing Director",5042,3140,1,"No",13,4,0,10,"Y",1,9,2,3,8,56
46,"Travel_Rarely","Research & Development",9,3,1,"Male",3,4,2,"H","N","Research Director",17861,2288,6,"No",13,3,0,26,"Y",1,3,2,0,1,53
29,"Travel_Rarely","Production",8,1,1,"Female",2,1,2,"H","Y","Machinists ",2532,6054,1,"No",14,3,3,8,"Y",3,4,3,0,3,62
50,"Travel_Frequently","Finance",15,3,1,"Male",3,3,1,"H","Y","Accountant",9863,10849,7,"No",19,1,1,9,"Y",1,2,4,1,5,83
46,"Travel_Rarely","Research & Development",5,4,4,"Male",3,2,2,"L","Y","Manufacturing Director",7379,17433,4,"No",11,3,1,12,"Y",2,6,3,1,4,60
34,"Travel_Rarely","Research & Development",23,3,4,"Female",3,2,2,"L","N","Research and Design Specialists",5433,19332,9,"No",12,3,1,11,"Y",3,11,8,7,9,62
30,"Travel_Rarely","Sales",4,3,3,"Male",2,2,1,"L","Y","Sales Executive",6578,2706,4,"No",18,1,1,10,"Y",3,10,3,1,4,55
54,"Travel_Rarely","Human Resources",23,4,3,"Male",3,3,1,"H","N","Human Resources",10725,6729,2,"No",15,3,1,16,"Y",4,9,7,7,1,58
31,"Travel_Rarely","Sales",14,3,2,"Male",4,2,2,"H","N","Sales Executive",6929,12241,4,"No",11,2,1,10,"Y",2,8,7,7,7,57
25,"Travel_Rarely","Production",3,3,1,"Male",3,1,2,"L","Y","Machinists ",3229,4910,4,"No",11,2,1,7,"Y",2,3,2,0,2,70
50,"Travel_Rarely","Research & Development",7,5,4,"Female",2,3,1,"L","Y","Research Director",13269,21981,7,"No",15,3,3,19,"N",3,14,11,1,11,38
28,"Travel_Rarely","Production",8,4,2,"Male",4,3,4,"H","Y","IT specialists",6387,7026,7,"No",18,4,0,7,"Y",3,8,6,2,7,68
49,"Travel_Frequently","Research & Development",1,1,2,"Male",3,5,2,"L","Y","Research Director",19161,13738,9,"No",15,4,0,28,"Y",3,5,4,4,3,62
31,"Travel_Frequently","Production",2,3,1,"Female",4,2,3,"L","N","Production Supervisors",6097,6707,2,"Yes",19,4,0,10,"Y",2,8,4,3,5,33
32,"Travel_Rarely","Research & Development",2,3,3,"Female",2,2,2,"L","N","Manufacturing Director",6162,19124,4,"No",12,3,1,14,"N",3,14,13,6,8,44
32,"Travel_Rarely","Finance",19,3,1,"Female",2,2,1,"L","N","Accountant",9189,10108,6,"Yes",15,1,1,5,"Y",3,4,7,1,6,29
39,"Travel_Frequently","Production",18,1,3,"Female",3,1,2,"H","N","Machinists ",3755,17872,1,"No",11,1,1,8,"Y",3,8,3,0,7,62
36,"Travel_Rarely","Finance",1,3,1,"Male",2,2,2,"L","Y","Accountant",9318,10250,2,"No",19,2,0,7,"N",3,8,6,3,5,64
22,"Travel_Rarely","Research & Development",15,3,4,"Male",4,1,4,"H","Y","Research and Design Specialists",2328,12392,1,"Yes",16,1,1,4,"Y",2,4,2,2,2,64
25,"Travel_Rarely","Sales",2,2,1,"Female",3,2,4,"L","Y","Sales Executive",4907,13684,2,"Yes",22,2,1,6,"Y",2,5,3,0,4,69
34,"Travel_Rarely","Sales",20,2,4,"Female",1,2,4,"L","N","Sales Executive",6029,25353,3,"No",12,1,0,6,"Y",3,2,2,2,2,65
33,"Travel_Rarely","Research & Development",2,3,4,"Female",3,1,2,"L","N","Research and Design Specialists",2756,4673,1,"No",13,4,1,8,"N",3,8,7,1,6,41
45,"Non-Travel","Production",8,2,3,"Male",3,2,2,"L","Y","Machinists ",4447,23163,8,"No",12,2,0,9,"Y",2,9,7,0,8,52
38,"Travel_Rarely","Production",17,2,4,"Female",3,1,1,"L","N","Machinists ",3306,26176,2,"No",19,4,1,7,"Y",2,0,0,0,0,56
29,"Travel_Rarely","Research & Development",25,3,3,"Male",3,1,2,"H","N","Research and Design Specialists",2058,19757,0,"No",14,4,0,7,"Y",2,6,2,1,5,62
29,"Travel_Rarely","Finance",21,3,2,"Male",2,3,2,"L","N","Accountant",9492,10441,8,"Yes",17,4,0,8,"Y",1,8,5,2,5,49
30,"Non-Travel","Production",1,3,3,"Female",3,1,1,"H","N","Machinists ",2564,7181,0,"No",14,3,0,12,"Y",2,11,7,6,7,51
35,"Travel_Rarely","Finance",16,4,1,"Male",2,3,2,"L","Y","Accountant",9881,10869,4,"Yes",16,2,0,8,"N",2,8,5,3,7,85
35,"Travel_Rarely","Sales",4,4,1,"Female",3,1,1,"L","N","Sales Representative",2572,20317,6,"No",16,2,1,3,"N",2,3,2,0,2,37
34,"Travel_Frequently","Research & Development",5,4,4,"Male",2,2,2,"L","N","Customercare Representative",5063,15332,9,"No",14,2,1,8,"Y",2,8,2,7,7,52
30,"Travel_Rarely","Research & Development",3,3,4,"Male",3,1,2,"L","N","Research and Design Specialists",3579,9369,2,"Yes",21,1,1,12,"N",3,11,9,5,7,49
51,"Travel_Frequently","Research & Development",3,4,1,"Female",2,3,4,"L","Y","Customercare Representative",7484,25796,3,"No",20,3,0,23,"Y",2,13,12,12,8,43
32,"Travel_Rarely","Sales",12,4,2,"Female",3,1,4,"H","Y","IT specialists",10642,11706,8,"Yes",16,3,1,6,"Y",3,4,6,1,4,65
33,"Travel_Rarely","Sales",25,5,4,"Male",4,3,4,"L","Y","Sales Executive",8380,21708,5,"Yes",14,4,2,10,"Y",3,9,8,0,8,79
35,"Travel_Frequently","Research & Development",16,4,1,"Male",2,1,2,"L","N","Research and Design Specialists",4930,13970,1,"Yes",14,3,0,6,"Y",4,5,4,1,4,85
51,"Travel_Rarely","Sales",11,2,3,"Female",3,2,2,"H","N","Sales Executive",4936,14862,4,"No",11,3,1,18,"Y",2,7,7,0,7,60
26,"Travel_Frequently","Research & Development",5,3,1,"Male",3,1,1,"L","N","Research and Design Specialists",2042,15346,9,"Yes",14,2,1,6,"N",3,3,2,1,2,39
36,"Travel_Rarely","Production",17,4,3,"Female",4,1,1,"L","N","Machinists ",2743,8269,4,"No",16,3,0,18,"N",3,17,13,15,14,26
22,"Travel_Rarely","Research & Development",7,1,1,"Male",3,1,2,"H","N","Research and Design Specialists",2773,12145,7,"No",20,4,0,3,"Y",3,2,2,2,2,61
52,"Travel_Frequently","Research & Development",24,2,4,"Female",4,4,1,"H","Y","Manufacturing Director",13247,9731,9,"Yes",11,2,1,24,"N",2,5,3,0,2,47
42,"Travel_Rarely","Production",1,4,2,"Female",3,1,2,"H","N","Machinists ",2576,20490,3,"No",16,2,1,8,"Y",3,5,2,1,2,62
30,"Travel_Frequently","Sales",12,4,2,"Male",2,1,1,"L","N","Sales Representative",2033,14470,9,"No",18,3,1,1,"N",4,1,0,0,0,39
48,"Travel_Frequently","Production",5,4,1,"Female",4,5,4,"L","N","Production Supervisors",5921,6513,5,"No",15,2,0,5,"Y",1,5,3,1,6,38
29,"Travel_Rarely","Research & Development",11,3,4,"Male",3,2,4,"H","N","Manufacturing Director",4262,22645,4,"No",12,2,2,8,"Y",4,3,2,1,2,65
48,"Travel_Rarely","Finance",24,4,1,"Male",2,3,1,"L","Y","Accountant",9382,10320,9,"No",18,4,1,5,"N",3,3,5,2,3,65
39,"Travel_Rarely","Production",5,4,3,"Female",3,1,4,"H","Y","Machinists ",2232,15417,7,"No",14,3,3,7,"Y",3,3,2,1,2,63
42,"Travel_Rarely","Research & Development",8,5,1,"Female",3,4,1,"L","Y","Research Director",15992,15901,2,"No",14,2,0,16,"N",3,1,0,0,0,27
35,"Travel_Rarely","Research & Development",15,4,2,"Male",3,2,3,"L","Y","Research and Design Specialists",5098,18698,7,"No",19,2,0,10,"Y",3,10,7,0,8,71
31,"Travel_Rarely","Finance",18,4,1,"Male",3,3,1,"L","N","Accountant",8010,8811,5,"No",16,3,0,7,"Y",3,10,7,2,6,29
32,"Non-Travel","Production",18,3,4,"Male",3,1,2,"L","Y","Machinists ",2314,9148,8,"No",12,2,1,4,"Y",3,3,0,0,2,68
44,"Travel_Rarely","Human Resources",19,2,2,"Male",2,3,2,"L","Y","Human Resources",10482,2326,6,"No",14,4,1,24,"Y",3,20,6,3,6,62
29,"Travel_Rarely","Production",3,4,2,"Male",1,1,1,"L","N","Machinists ",2119,4759,1,"Yes",11,4,0,7,"N",2,7,7,0,7,39
54,"Travel_Rarely","Research & Development",24,4,2,"Female",4,3,1,"L","N","IT specialists",10773,11850,9,"No",20,2,0,5,"N",1,3,3,2,2,27
31,"Travel_Rarely","Sales",15,3,3,"Male",2,3,4,"H","N","Manager",11557,25291,9,"No",21,3,1,10,"Y",2,5,4,0,1,67
32,"Travel_Rarely","Research & Development",23,3,1,"Male",3,2,4,"H","N","Manufacturing Director",6162,10877,1,"Yes",22,2,1,9,"Y",3,9,8,7,8,55
42,"Travel_Rarely","Research & Development",23,3,2,"Male",3,2,2,"L","N","Manufacturing Director",4434,11806,6,"No",13,4,1,10,"N",2,9,8,7,8,43
34,"Travel_Frequently","Production",21,3,1,"Male",1,2,2,"L","N","Machinists ",6074,22887,1,"Yes",24,4,0,9,"N",3,9,7,0,6,32
49,"Travel_Frequently","Research & Development",8,4,3,"Female",3,5,1,"H","Y","Research Director",18665,25594,9,"Yes",11,4,0,22,"Y",3,3,2,1,2,56
33,"Travel_Rarely","Human Resources",15,2,4,"Male",3,1,2,"H","Y","Human Resources",2277,22650,1,"Yes",11,3,1,7,"Y",4,4,3,0,3,77
27,"Travel_Rarely","Research & Development",7,1,3,"Male",2,3,2,"L","N","Research Director",12808,8842,8,"Yes",16,2,1,9,"N",3,9,8,0,8,42
45,"Travel_Rarely","Research & Development",13,2,2,"Female",2,2,2,"L","Y","Manufacturing Director",5906,23888,5,"No",13,4,2,10,"Y",2,9,8,3,8,61
42,"Travel_Rarely","Research & Development",25,4,3,"Female",3,2,2,"L","N","Customercare Representative",4089,5718,4,"No",13,2,2,10,"N",3,10,2,2,2,46
38,"Travel_Rarely","Research & Development",7,5,4,"Male",3,1,2,"H","N","Research and Design Specialists",3057,20471,7,"Yes",13,2,1,6,"Y",1,1,0,0,1,68
51,"Travel_Rarely","Finance",23,4,2,"Male",2,3,1,"L","Y","Accountant",9621,10583,1,"Yes",18,3,1,10,"N",3,5,5,3,4,55
32,"Travel_Rarely","Sales",5,3,4,"Male",1,3,2,"L","N","Sales Executive",9610,3840,3,"No",13,3,1,10,"Y",1,4,3,0,2,53
30,"Travel_Rarely","Sales",7,1,3,"Male",3,1,2,"H","N","Sales Representative",2476,17434,1,"No",18,1,1,1,"Y",3,1,0,0,0,59
44,"Travel_Rarely","Research & Development",22,3,2,"Female",3,5,4,"L","Y","Research Director",19049,3549,9,"Yes",14,4,1,23,"Y",2,22,7,1,10,64
53,"Travel_Rarely","Production",3,4,1,"Male",4,2,4,"L","N","Production Supervisors",6318,6950,3,"Yes",20,1,1,6,"Y",3,2,2,2,3,40
42,"Travel_Frequently","Research & Development",24,5,1,"Female",3,3,2,"L","N","Research Director",13191,23281,5,"Yes",17,3,0,20,"Y",3,1,0,0,0,54
31,"Travel_Rarely","Sales",2,2,3,"Female",3,2,1,"L","N","Sales Executive",6583,20115,1,"Yes",11,4,1,8,"N",3,5,2,1,4,47
33,"Travel_Rarely","Sales",6,3,1,"Male",4,2,2,"H","Y","Sales Executive",4037,21816,1,"No",22,1,1,9,"Y",3,9,8,0,8,61
39,"Travel_Rarely","Research & Development",10,1,4,"Female",2,4,2,"L","Y","Manufacturing Director",12742,7060,6,"No",16,3,1,21,"Y",3,21,6,11,8,60
28,"Travel_Rarely","Finance",17,4,1,"Female",3,2,3,"H","N","Accountant",8716,9588,2,"Yes",16,1,0,5,"N",2,10,3,3,4,49
43,"Travel_Rarely","Finance",19,4,1,"Male",2,3,2,"L","Y","Accountant",9368,10305,5,"Yes",16,4,1,6,"Y",3,7,4,3,2,83
45,"Travel_Frequently","Sales",4,4,1,"Female",3,2,2,"L","N","Sales Executive",4286,5630,2,"No",14,4,2,5,"N",3,1,1,0,0,33
32,"Travel_Rarely","Sales",17,2,3,"Female",3,1,2,"H","N","Sales Representative",3931,20990,2,"No",11,1,1,6,"Y",3,4,3,1,2,53
42,"Travel_Frequently","Production",2,2,1,"Female",3,1,1,"H","N","Machinists ",3673,16458,2,"No",13,3,0,12,"Y",3,12,9,5,8,55
50,"Travel_Frequently","Production",5,3,2,"Male",2,4,3,"L","N","Production Supervisors",6793,7472,5,"Yes",19,4,1,10,"Y",3,7,3,3,5,40
28,"Travel_Rarely","Research & Development",6,4,1,"Male",1,1,2,"L","N","Research and Design Specialists",3464,24737,5,"Yes",13,4,0,5,"N",2,3,2,2,2,48
41,"Travel_Frequently","Sales",25,3,1,"Male",3,2,2,"L","Y","Sales Executive",9355,9558,1,"No",18,3,0,8,"N",3,8,7,7,7,45
34,"Travel_Rarely","Research & Development",20,2,2,"Male",2,1,4,"H","N","Research and Design Specialists",3622,22794,2,"Yes",13,4,1,6,"Y",3,6,5,1,3,63
41,"Travel_Frequently","Research & Development",5,3,4,"Male",2,4,2,"H","N","Manager",17181,12888,4,"No",13,2,1,21,"Y",2,7,6,7,7,61
28,"Travel_Rarely","Production",20,4,4,"Male",2,1,1,"L","Y","Machinists ",3196,12449,8,"No",12,3,3,6,"Y",3,6,5,3,3,58
49,"Travel_Rarely","Production",6,3,4,"Female",3,1,2,"L","N","Machinists ",2587,24941,9,"Yes",16,2,1,17,"N",2,2,2,2,2,46
28,"Travel_Rarely","Finance",7,4,1,"Male",2,2,1,"H","N","Accountant",9022,9924,8,"Yes",16,3,0,10,"N",3,7,5,3,6,30
37,"Travel_Rarely","Finance",9,4,1,"Male",2,3,2,"L","N","Accountant",9670,10637,8,"Yes",19,2,1,8,"N",1,10,2,2,2,34
28,"Travel_Frequently","Production",16,3,4,"Male",2,1,2,"L","Y","Machinists ",3867,14222,4,"Yes",12,2,1,2,"Y",3,2,2,2,2,72
31,"Travel_Rarely","Research & Development",25,2,2,"Female",3,2,3,"H","N","Manufacturing Director",4306,4156,1,"No",12,2,1,13,"Y",1,13,10,3,12,71
31,"Travel_Rarely","Research & Development",7,4,3,"Female",3,2,1,"L","N","Manufacturing Director",4424,20682,1,"No",23,4,0,11,"Y",3,11,7,1,8,48
46,"Travel_Rarely","Sales",21,2,3,"Male",2,3,1,"H","N","Sales Executive",9619,13596,1,"No",16,4,0,9,"N",3,9,8,4,7,63
43,"Travel_Frequently","Sales",19,4,1,"Male",3,2,1,"L","N","Sales Executive",5675,19246,3,"No",20,3,1,7,"Y",3,7,7,7,7,58
25,"Travel_Rarely","Sales",13,1,3,"Male",2,2,2,"L","N","Sales Executive",4256,18154,5,"No",12,1,0,5,"N",4,5,2,0,3,45
51,"Travel_Rarely","Research & Development",5,3,4,"Male",1,2,4,"H","N","Manufacturing Director",5482,16321,5,"No",18,4,1,13,"Y",3,4,1,1,2,74
35,"Travel_Rarely","Research & Development",11,3,2,"Female",4,3,1,"H","N","Manager",11996,19100,7,"No",18,2,1,10,"Y",2,7,7,6,2,56
41,"Travel_Rarely","Research & Development",19,2,3,"Male",3,2,2,"H","N","Research and Design Specialists",3072,19877,2,"No",16,1,2,17,"Y",2,1,0,0,0,57
27,"Travel_Frequently","Sales",5,3,4,"Female",3,2,2,"H","N","Sales Executive",9981,12916,1,"No",14,4,0,7,"Y",3,7,7,0,7,52
30,"Travel_Frequently","Research & Development",22,3,1,"Male",1,1,2,"L","N","Research and Design Specialists",2613,22310,1,"No",25,3,3,10,"N",2,10,7,0,9,44
38,"Travel_Rarely","Research & Development",23,3,2,"Female",1,3,2,"L","N","Research Director",13206,3376,6,"No",12,1,1,20,"N",3,18,16,1,11,49
25,"Travel_Rarely","Sales",8,2,3,"Male",2,1,1,"H","N","Sales Representative",2413,18798,8,"Yes",18,3,3,1,"N",3,1,0,0,0,23
27,"Travel_Rarely","Finance",23,4,2,"Male",3,3,2,"L","Y","Accountant",8894,9783,9,"No",18,4,0,6,"Y",1,2,2,2,4,53
23,"Travel_Rarely","Research & Development",2,2,4,"Male",3,1,2,"H","N","Research and Design Specialists",1223,16901,1,"No",22,4,1,1,"Y",3,1,0,0,1,72
34,"Non-Travel","Research & Development",13,4,3,"Male",2,1,2,"L","Y","Research and Design Specialists",2979,22478,3,"No",17,4,3,6,"Y",3,0,0,0,0,60
46,"Travel_Rarely","Human Resources",25,2,4,"Female",3,1,2,"H","Y","Human Resources",3423,22957,9,"No",12,3,0,10,"Y",4,7,6,5,7,53
51,"Travel_Rarely","Finance",13,4,1,"Female",3,3,1,"H","N","Accountant",9741,10715,2,"Yes",18,2,0,8,"N",1,6,5,3,3,29
35,"Travel_Rarely","Sales",19,3,3,"Male",3,2,1,"L","Y","Sales Executive",5813,13492,3,"Yes",18,4,0,10,"N",3,10,7,7,7,38
31,"Travel_Frequently","Finance",5,3,2,"Female",3,3,1,"H","Y","Accountant",8285,9114,6,"No",18,2,1,7,"Y",1,4,2,1,4,62
26,"Travel_Rarely","Finance",9,3,2,"Female",3,3,2,"L","N","Accountant",8829,9712,7,"No",17,4,1,10,"N",1,7,4,2,2,35
51,"Travel_Rarely","Finance",23,3,1,"Male",2,3,1,"L","Y","Accountant",8012,8813,2,"Yes",15,2,0,5,"Y",1,2,7,1,5,59
53,"Travel_Frequently","Finance",9,4,2,"Female",2,2,4,"H","N","Accountant",9097,10007,2,"No",17,2,0,5,"N",3,8,5,2,2,36
46,"Travel_Rarely","Sales",8,3,1,"Male",3,3,1,"L","N","Sales Executive",10096,15986,7,"No",11,1,1,28,"N",4,7,7,4,3,37
50,"Travel_Rarely","Research & Development",11,3,4,"Female",3,4,2,"L","Y","Research Director",16880,22422,6,"Yes",11,2,0,25,"N",3,3,2,1,2,45
24,"Travel_Rarely","Production",8,3,4,"Male",3,1,1,"L","N","Machinists ",3597,6409,7,"No",22,4,0,6,"N",3,4,3,1,2,47
58,"Travel_Rarely","Research & Development",14,4,3,"Female",2,3,2,"L","N","Manufacturing Director",10008,12023,2,"Yes",14,4,0,31,"Y",2,10,9,5,9,59
41,"Travel_Rarely","Sales",4,3,2,"Male",4,3,2,"H","N","Sales Executive",8392,19566,1,"No",16,3,1,10,"Y",3,10,7,0,7,68
32,"Travel_Frequently","Research & Development",23,3,1,"Male",3,1,2,"L","Y","Research and Design Specialists",3433,17360,9,"No",13,1,1,10,"Y",2,5,2,1,3,61
54,"Travel_Rarely","Research & Development",25,3,3,"Female",3,3,2,"H","Y","Manufacturing Director",10739,13943,5,"No",11,3,1,22,"Y",3,10,7,0,8,54
41,"Non-Travel","Human Resources",11,3,3,"Male",1,2,2,"L","Y","Human Resources",6430,20794,7,"No",19,2,1,10,"N",3,3,2,1,2,43
51,"Travel_Frequently","Sales",10,3,4,"Male",3,5,2,"H","Y","Manager",19847,19196,7,"Yes",24,1,1,31,"Y",2,29,10,11,10,70
19,"Travel_Rarely","Human Resources",14,2,1,"Male",2,1,1,"L","N","Human Resources",2564,18437,1,"No",12,3,0,1,"N",4,1,0,0,0,29
34,"Travel_Rarely","Research & Development",14,5,2,"Female",3,2,2,"H","N","Manufacturing Director",5121,4187,1,"No",14,3,1,7,"Y",3,0,0,0,0,54
55,"Travel_Rarely","Human Resources",6,4,3,"Male",4,5,1,"L","N","Manager",19636,25811,1,"Yes",18,1,1,35,"N",3,10,9,1,4,47
28,"Travel_Rarely","Production",21,3,3,"Male",3,1,4,"L","N","Machinists ",2408,7324,1,"Yes",17,3,3,1,"N",3,1,1,0,0,0
27,"Travel_Frequently","Sales",5,1,4,"Female",4,2,2,"H","N","Sales Executive",4647,16673,4,"Yes",20,2,2,6,"Y",3,6,5,0,4,59
40,"Travel_Rarely","Sales",6,2,3,"Male",2,2,1,"L","N","Sales Executive",6380,6110,2,"Yes",12,1,2,8,"N",3,6,4,1,0,35
27,"Travel_Rarely","Finance",16,4,2,"Male",3,3,3,"H","N","Accountant",8911,9802,4,"No",20,4,1,10,"N",2,5,3,3,7,31
40,"Travel_Rarely","Sales",2,4,1,"Male",2,3,2,"H","Y","Sales Executive",9705,20652,4,"No",12,2,1,11,"Y",2,1,0,0,0,62
44,"Travel_Rarely","Finance",20,3,2,"Male",3,3,1,"L","Y","Accountant",9077,9985,4,"Yes",16,3,0,9,"Y",1,6,4,2,2,79
49,"Travel_Rarely","Research & Development",18,1,3,"Female",2,4,1,"L","Y","Customercare Representative",13966,11652,3,"Yes",19,2,1,30,"N",3,15,11,2,12,47
44,"Travel_Rarely","Sales",14,3,2,"Male",3,5,2,"L","Y","Manager",18213,8751,6,"No",11,3,1,26,"N",3,22,9,3,10,49
41,"Travel_Rarely","IT_Suppport",11,3,1,"Male",3,4,4,"L","Y","IT specialists",6073,6680,2,"No",18,4,0,6,"Y",2,7,2,2,7,79
26,"Travel_Rarely","Sales",14,3,3,"Male",3,2,2,"L","N","Sales Executive",4684,9125,9,"No",13,1,0,5,"N",3,5,3,1,2,48
30,"Non-Travel","Production",6,3,3,"Male",3,2,1,"H","Y","Machinists ",3072,11012,1,"No",11,3,2,12,"Y",3,12,9,6,10,58
29,"Travel_Rarely","Human Resources",13,3,2,"Male",2,3,1,"L","N","Human Resources",7988,9769,7,"No",13,1,0,10,"N",2,10,9,0,9,39
51,"Travel_Rarely","Finance",16,4,2,"Male",2,2,2,"L","Y","Accountant",9223,10145,2,"Yes",17,3,0,7,"N",1,4,6,1,5,79
38,"Travel_Rarely","Finance",11,4,1,"Male",2,3,1,"L","N","Accountant",8789,9668,7,"Yes",16,4,1,6,"N",2,3,2,2,4,48
54,"Travel_Rarely","Research & Development",19,3,3,"Female",3,2,3,"L","Y","Manufacturing Director",4440,25198,1,"Yes",19,4,0,9,"Y",3,5,2,1,4,76
40,"Travel_Rarely","Research & Development",13,3,3,"Female",3,3,2,"L","Y","Manufacturing Director",7945,19948,7,"Yes",15,4,0,18,"N",2,4,2,3,3,41
31,"Travel_Rarely","Sales",15,4,2,"Male",2,1,2,"L","Y","Sales Representative",2329,11737,4,"No",15,2,0,13,"Y",4,7,7,5,2,60
45,"Travel_Rarely","Research & Development",11,3,1,"Female",3,1,1,"L","Y","Research and Design Specialists",4477,20100,9,"Yes",19,3,1,7,"N",2,3,2,0,2,31
49,"Travel_Rarely","Production",13,4,1,"Male",3,3,3,"H","Y","IT specialists",8760,9636,1,"Yes",16,1,1,6,"Y",1,7,6,1,4,75
29,"Travel_Rarely","Finance",15,3,2,"Male",2,2,2,"L","N","Accountant",8085,8894,7,"No",15,2,1,6,"N",2,4,2,2,4,31
33,"Travel_Rarely","Finance",16,3,1,"Female",3,2,4,"L","N","Accountant",8833,9716,6,"Yes",18,4,0,8,"N",3,2,2,2,6,35
35,"Travel_Rarely","Sales",19,4,3,"Male",2,2,1,"L","N","Sales Executive",4312,23016,0,"No",14,2,0,16,"Y",3,15,13,2,8,32
23,"Travel_Rarely","Research & Development",12,3,4,"Male",4,1,3,"L","N","Research and Design Specialists",2073,12826,8,"No",16,4,1,4,"Y",3,2,2,2,2,76
33,"Travel_Rarely","Research & Development",15,5,4,"Male",3,2,1,"H","N","Customercare Representative",6388,22049,5,"Yes",17,1,0,14,"Y",3,0,0,0,0,58
28,"Non-Travel","Human Resources",19,2,3,"Male",3,1,4,"L","Y","Human Resources",2706,10494,5,"No",15,2,1,3,"Y",3,3,2,2,2,100
35,"Non-Travel","Research & Development",8,2,3,"Male",2,3,3,"H","N","Customercare Representative",9884,8302,2,"Yes",13,3,1,10,"Y",3,4,0,2,3,69
46,"Travel_Frequently","Finance",8,3,1,"Male",3,3,2,"L","Y","Accountant",8608,9469,4,"No",16,2,1,10,"Y",2,7,3,2,6,53
54,"Travel_Rarely","IT_Suppport",7,3,2,"Male",3,2,1,"L","Y","IT specialists",6457,7103,7,"No",15,2,0,10,"Y",2,5,2,1,4,72
28,"Travel_Frequently","Finance",21,4,1,"Male",3,3,2,"L","N","Accountant",9028,9931,3,"No",17,1,1,7,"N",1,2,6,3,7,27
33,"Travel_Rarely","Research & Development",22,2,2,"Female",3,2,2,"L","Y","Customercare Representative",4878,21653,5,"Yes",13,1,1,10,"Y",3,9,7,8,1,61
28,"Travel_Frequently","Production",23,2,3,"Male",2,1,1,"H","Y","Machinists ",2561,5355,8,"No",11,3,0,8,"N",2,0,0,0,0,38
34,"Travel_Rarely","Sales",1,3,4,"Male",3,2,2,"H","N","Sales Executive",6274,18686,4,"No",22,3,0,6,"Y",3,6,5,1,4,59
31,"Non-Travel","Research & Development",2,2,3,"Male",2,1,1,"H","N","Research and Design Specialists",2321,10322,6,"Yes",22,1,0,4,"N",3,3,2,1,2,47
55,"Travel_Rarely","Sales",25,5,1,"Female",3,4,2,"H","N","Manager",16835,9873,3,"No",23,4,0,37,"Y",3,10,9,7,7,57
38,"Travel_Rarely","Finance",19,3,2,"Female",3,3,2,"L","Y","Accountant",8285,9114,5,"No",17,2,1,8,"N",1,3,3,3,6,62
26,"Travel_Rarely","Production",17,3,1,"Male",3,1,2,"L","N","Machinists ",2377,19373,1,"No",20,3,1,1,"N",2,1,1,0,0,24
35,"Travel_Rarely","Production",22,4,4,"Male",2,1,2,"H","Y","Machinists ",2258,16340,3,"No",12,2,1,10,"Y",3,8,0,1,7,66
42,"Travel_Rarely","Research & Development",2,2,4,"Male",2,5,4,"L","Y","Manager",19613,26362,6,"No",22,4,0,24,"Y",3,1,0,0,1,79
54,"Travel_Frequently","Research & Development",6,4,2,"Female",3,4,4,"L","N","Manager",16032,24456,7,"No",20,1,1,26,"Y",3,14,9,1,12,82
34,"Travel_Frequently","Production",21,3,2,"Male",4,5,1,"L","N","Production Supervisors",5959,7151,5,"No",19,4,1,6,"N",2,5,4,3,6,33
31,"Travel_Rarely","Finance",17,3,2,"Male",3,2,2,"L","N","Accountant",9339,10273,9,"No",17,4,1,9,"Y",3,2,2,1,7,39
45,"Travel_Rarely","Production",14,4,4,"Female",3,1,2,"H","Y","Machinists ",2270,11005,5,"No",14,4,2,8,"Y",3,5,3,0,2,68
46,"Non-Travel","Research & Development",9,4,3,"Female",3,2,2,"L","N","Manufacturing Director",5258,16044,2,"No",14,3,0,7,"N",4,1,0,0,0,48
41,"Travel_Rarely","Sales",10,3,3,"Male",2,2,3,"L","Y","Sales Executive",8938,12227,8,"No",11,3,1,14,"Y",3,5,4,0,4,81
32,"Travel_Rarely","Research & Development",23,3,3,"Male",3,3,2,"H","Y","Manager",11244,21072,3,"No",25,2,0,10,"Y",4,5,2,0,0,50
32,"Travel_Rarely","Research & Development",13,3,2,"Male",3,2,4,"L","N","Research and Design Specialists",6220,7346,1,"No",17,2,2,10,"Y",3,10,4,0,9,34
24,"Travel_Rarely","Sales",12,4,4,"Female",3,2,2,"L","N","Sales Executive",4260,5915,1,"Yes",12,4,1,5,"N",4,5,2,0,3,43
42,"Travel_Rarely","Research & Development",15,2,4,"Female",4,2,4,"H","Y","Research and Design Specialists",6545,23016,3,"Yes",13,3,0,10,"Y",3,3,2,0,2,63
26,"Travel_Rarely","Human Resources",15,2,4,"Female",3,1,1,"L","N","Human Resources",2148,6889,7,"Yes",11,3,0,6,"N",3,5,1,1,4,38
28,"Travel_Rarely","Finance",19,3,2,"Male",3,2,1,"L","Y","Accountant",8631,9494,1,"Yes",17,3,1,10,"N",1,5,5,3,4,59
30,"Travel_Rarely","Sales",14,1,4,"Male",3,2,2,"H","N","Sales Executive",5301,2939,3,"No",15,3,2,4,"Y",2,2,1,2,2,54
37,"Travel_Rarely","Research & Development",13,2,2,"Male",3,1,2,"L","N","Research and Design Specialists",3022,10227,4,"No",21,1,0,8,"Y",3,1,0,0,0,47
31,"Travel_Rarely","Research & Development",17,1,3,"Male",3,3,2,"H","N","Manufacturing Director",10648,14394,1,"No",25,4,1,13,"Y",4,13,8,0,8,60
40,"Non-Travel","Sales",24,3,2,"Female",4,4,1,"L","N","Sales Executive",13194,17071,7,"Yes",16,4,0,22,"N",2,1,0,0,0,29
46,"Travel_Rarely","Production",20,2,4,"Male",3,3,2,"H","Y","Manufacturing Director",10845,24208,2,"No",13,2,1,13,"Y",3,8,7,0,7,70
52,"Travel_Rarely","IT_Suppport",8,4,1,"Female",4,2,1,"H","Y","IT specialists",6407,7048,9,"Yes",15,3,0,7,"Y",2,4,6,2,3,62
28,"Travel_Rarely","Research & Development",1,1,1,"Male",2,1,2,"L","Y","Research and Design Specialists",3201,19911,1,"No",17,1,0,6,"Y",1,5,3,0,4,72
36,"Travel_Frequently","Human Resources",20,1,2,"Male",2,2,2,"L","Y","Human Resources",3886,4223,7,"No",21,4,0,10,"Y",2,10,1,0,8,78
31,"Travel_Rarely","Production",8,3,2,"Male",3,2,2,"L","Y","Machinists ",4197,18624,7,"No",11,1,1,10,"Y",3,10,8,0,2,54
38,"Travel_Frequently","Production",24,5,4,"Female",3,2,2,"L","N","Machinists ",2406,5456,1,"No",11,4,0,10,"N",3,10,3,9,9,40
40,"Non-Travel","Research & Development",18,5,4,"Male",2,2,4,"H","N","Customercare Representative",4876,14242,9,"No",14,4,1,5,"Y",1,3,2,0,2,67
40,"Travel_Rarely","Finance",3,4,2,"Female",3,2,2,"L","N","Accountant",8756,9632,2,"Yes",16,1,0,10,"N",3,4,3,3,6,33
28,"Travel_Frequently","Finance",6,4,2,"Female",3,3,4,"L","Y","Accountant",8635,9499,8,"No",20,2,1,6,"Y",3,8,7,2,4,66
37,"Travel_Rarely","Sales",18,4,4,"Female",2,2,1,"L","Y","Sales Executive",6694,24223,9,"Yes",14,3,3,8,"Y",3,1,0,0,0,58
40,"Travel_Rarely","Research & Development",17,4,1,"Male",2,2,4,"H","Y","IT specialists",5806,6387,3,"Yes",17,4,1,10,"Y",3,4,4,2,5,80
32,"Travel_Frequently","Production",11,3,2,"Male",4,1,4,"H","Y","Machinists ",2794,26062,1,"No",20,3,0,5,"Y",1,5,1,0,3,64
44,"Travel_Rarely","Finance",10,4,2,"Male",2,3,1,"L","Y","Accountant",8249,9074,8,"Yes",15,3,1,9,"Y",2,4,3,3,6,57
52,"Travel_Rarely","Finance",13,4,1,"Male",2,3,1,"L","N","Accountant",8138,8952,5,"Yes",15,4,0,6,"N",3,2,5,2,7,30
29,"Non-Travel","Research & Development",23,1,4,"Male",3,2,3,"H","Y","Manufacturing Director",4319,26283,1,"No",13,1,1,10,"Y",3,10,7,0,9,76
27,"Travel_Rarely","Research & Development",11,3,3,"Male",3,1,2,"H","N","Research and Design Specialists",3058,13364,0,"Yes",16,4,1,6,"Y",2,5,2,1,1,52
34,"Travel_Rarely","Sales",2,2,3,"Female",3,2,1,"H","N","Sales Executive",6125,23553,6,"No",12,4,0,10,"Y",4,10,8,9,6,55
27,"Travel_Rarely","Production",17,2,4,"Male",3,1,2,"H","N","Machinists ",3816,17881,1,"No",11,2,1,5,"Y",3,5,2,0,4,91
42,"Travel_Rarely","Research & Development",17,3,4,"Male",3,3,1,"L","N","Manufacturing Director",7406,6950,1,"Yes",21,4,1,10,"N",2,10,9,5,8,29
30,"Travel_Rarely","Production",15,3,1,"Female",2,2,2,"L","Y","Machinists ",4627,23631,8,"No",12,1,1,10,"Y",3,9,2,6,7,54
50,"Travel_Frequently","Sales",22,4,2,"Male",3,2,2,"L","N","Sales Executive",6728,14255,5,"No",12,4,2,12,"N",3,6,3,0,1,46
45,"Non-Travel","Research & Development",6,1,3,"Male",2,3,4,"L","N","Customercare Representative",10748,3395,5,"No",23,4,1,25,"Y",2,23,15,14,4,63
27,"Travel_Rarely","Research & Development",9,3,2,"Male",4,2,4,"L","Y","Manufacturing Director",6142,5174,8,"Yes",20,2,1,6,"Y",3,6,2,0,3,64
55,"Travel_Rarely","Research & Development",9,4,3,"Male",4,5,2,"H","N","Research Director",18722,13339,8,"No",11,4,0,36,"Y",3,24,15,2,15,59
35,"Travel_Rarely","Sales",2,3,1,"Female",3,2,3,"H","N","Sales Executive",4859,6698,1,"No",16,4,0,5,"Y",3,5,4,0,3,71
41,"Travel_Rarely","Sales",5,2,2,"Female",3,2,1,"L","N","Sales Executive",5993,19479,8,"Yes",11,1,0,8,"N",1,6,4,0,5,29
35,"Travel_Rarely","Production",11,3,2,"Male",3,1,2,"L","N","Machinists ",3917,9541,7,"No",20,1,1,3,"N",2,3,2,1,2,41
29,"Travel_Rarely","Sales",10,3,1,"Male",2,2,2,"H","N","Sales Executive",6644,3687,2,"No",19,2,2,10,"Y",3,0,0,0,0,66
35,"Travel_Rarely","Research & Development",9,4,3,"Female",1,1,2,"L","Y","Research and Design Specialists",2977,8952,4,"No",12,4,1,4,"Y",3,4,3,1,1,57
19,"Travel_Rarely","Research & Development",7,3,2,"Female",4,1,1,"H","N","Research and Design Specialists",2994,21221,3,"Yes",12,4,0,1,"N",3,1,0,0,1,34
32,"Travel_Rarely","Research & Development",7,4,2,"Female",4,1,2,"L","Y","Research and Design Specialists",3312,18783,6,"No",17,4,2,6,"Y",3,3,2,0,2,61
33,"Travel_Rarely","Research & Development",18,1,2,"Male",3,3,1,"L","N","Manager",13610,24619,7,"Yes",12,4,0,15,"N",4,7,6,7,7,22
32,"Travel_Rarely","Production",2,4,4,"Male",3,1,2,"L","Y","Machinists ",1393,24852,5,"No",12,1,0,1,"N",3,1,0,0,0,48
34,"Travel_Rarely","Sales",2,2,2,"Male",4,2,2,"L","Y","Sales Executive",6799,22128,3,"No",21,3,2,10,"Y",3,10,8,4,8,59
55,"Travel_Rarely","Research & Development",5,4,2,"Male",2,1,3,"L","Y","Research and Design Specialists",2662,7975,2,"No",20,2,1,19,"Y",4,5,2,0,4,76
44,"Travel_Frequently","Finance",7,4,2,"Male",3,3,4,"L","N","Accountant",8173,8990,7,"Yes",15,4,1,6,"N",1,9,6,2,7,32
60,"Travel_Rarely","Sales",21,4,1,"Male",3,2,1,"L","N","Sales Executive",5405,11924,6,"No",14,4,0,10,"N",3,2,2,2,2,32
34,"Travel_Rarely","Sales",1,3,3,"Male",3,3,4,"L","Y","Sales Executive",9713,24444,3,"Yes",13,4,3,9,"Y",3,5,3,1,0,63
24,"Travel_Rarely","Research & Development",21,3,2,"Male",4,1,2,"H","N","Research and Design Specialists",2725,21630,3,"Yes",11,2,2,6,"Y",3,6,5,1,4,59
53,"Travel_Frequently","Sales",12,3,3,"Female",2,3,1,"H","Y","Sales Executive",7525,23537,5,"No",12,1,1,30,"Y",3,15,7,6,12,58
43,"Travel_Rarely","Finance",9,3,1,"Male",2,3,2,"L","Y","Accountant",8576,9434,2,"No",20,3,0,10,"N",2,10,3,3,7,85
38,"Travel_Frequently","Research & Development",18,3,4,"Female",2,2,1,"L","Y","Research and Design Specialists",2133,18115,7,"Yes",16,3,1,20,"Y",3,20,11,0,7,55
40,"Travel_Rarely","Research & Development",2,2,1,"Male",3,5,2,"H","N","Research Director",19436,5949,0,"No",19,4,1,22,"Y",3,21,7,3,9,66
28,"Travel_Rarely","Research & Development",24,2,4,"Female",3,1,2,"H","N","Research and Design Specialists",3310,4488,1,"No",21,4,0,5,"Y",3,5,3,0,2,68
49,"Travel_Rarely","Finance",13,3,1,"Male",2,2,2,"L","Y","Accountant",9208,10129,2,"Yes",15,1,0,8,"Y",3,7,5,3,7,70
37,"Travel_Rarely","Research & Development",2,4,2,"Female",3,2,4,"H","N","Manufacturing Director",6447,15701,2,"No",12,2,1,8,"Y",2,6,5,4,3,64
38,"Travel_Rarely","Finance",14,3,2,"Male",2,2,2,"L","Y","Accountant",8560,9416,2,"Yes",16,1,0,8,"Y",2,2,5,1,3,75
35,"Travel_Rarely","Sales",9,1,4,"Male",3,1,2,"L","N","Sales Representative",2404,16192,3,"No",13,1,1,1,"N",3,1,0,0,0,42
49,"Travel_Rarely","Research & Development",23,4,4,"Male",2,5,2,"L","N","Research Director",19502,2125,5,"Yes",17,3,1,31,"N",3,31,9,0,9,46
29,"Travel_Rarely","Research & Development",1,3,3,"Male",3,2,4,"H","Y","Customercare Representative",6623,4204,3,"Yes",11,2,2,6,"Y",3,6,0,1,0,65
35,"Travel_Frequently","Production",17,4,4,"Male",2,1,2,"H","Y","Machinists ",2376,26537,1,"No",13,2,1,2,"Y",4,2,2,2,2,61
57,"Travel_Rarely","Research & Development",7,4,4,"Male",3,2,1,"H","N","Customercare Representative",6755,2967,2,"No",11,3,0,15,"Y",3,3,2,1,2,55
50,"Travel_Rarely","Production",13,3,1,"Male",3,1,2,"H","Y","Machinists ",2380,20165,7,"No",18,2,0,8,"Y",3,1,0,0,0,78
58,"Travel_Rarely","Sales",16,3,4,"Female",3,4,2,"L","N","Manager",17875,11761,7,"Yes",13,3,1,29,"N",2,1,0,0,0,46
44,"Travel_Frequently","Research & Development",12,1,2,"Male",3,3,2,"L","N","Manufacturing Director",10209,19719,6,"Yes",18,2,0,16,"Y",2,2,2,2,2,66
32,"Non-Travel","Research & Development",11,4,2,"Male",3,1,3,"L","N","Research and Design Specialists",2718,17674,9,"No",14,2,0,12,"Y",3,7,7,0,7,76
46,"Travel_Rarely","Research & Development",7,3,3,"Female",3,2,2,"H","N","Manufacturing Director",4810,26314,2,"No",14,3,1,19,"Y",2,10,7,0,8,52
26,"Travel_Rarely","IT_Suppport",11,3,1,"Female",3,3,2,"L","Y","IT specialists",9715,10687,9,"No",17,3,0,5,"Y",2,10,7,3,3,77
38,"Travel_Rarely","Sales",14,3,2,"Male",2,1,4,"H","Y","Sales Representative",2899,12102,8,"No",19,4,1,3,"Y",3,2,2,1,2,67
39,"Travel_Rarely","Sales",19,4,4,"Female",2,2,4,"H","N","Sales Executive",5902,14590,4,"No",14,3,1,17,"Y",4,15,11,5,9,69
55,"Travel_Rarely","Research & Development",1,3,4,"Male",3,5,2,"L","Y","Manager",19045,18938,0,"Yes",14,3,0,37,"N",3,36,10,4,13,36
54,"Travel_Frequently","Finance",23,4,2,"Male",2,3,3,"L","Y","Accountant",8424,9266,4,"No",19,1,0,7,"Y",3,2,5,3,3,55
32,"Travel_Rarely","Production",18,3,2,"Male",4,2,1,"L","N","Production Supervisors",6213,6834,6,"Yes",15,4,0,10,"N",2,9,3,2,6,35
39,"Travel_Rarely","Research & Development",21,4,4,"Female",2,2,2,"H","N","Customercare Representative",4553,20978,7,"No",11,1,0,20,"Y",3,20,7,11,10,68
40,"Travel_Rarely","Finance",24,3,2,"Male",2,3,1,"L","Y","Accountant",9106,10017,7,"Yes",20,4,1,8,"Y",3,9,2,1,3,66
42,"Travel_Rarely","Production",8,3,2,"Male",1,2,2,"H","N","Machinists ",4272,9558,7,"No",19,1,0,16,"N",3,1,0,0,0,49
37,"Travel_Rarely","Finance",19,3,2,"Male",2,2,1,"L","Y","Accountant",9477,10425,8,"Yes",16,3,1,5,"Y",2,10,3,2,6,56
28,"Travel_Rarely","Sales",24,4,2,"Male",3,2,4,"H","N","Sales Executive",5253,20750,1,"No",16,4,0,7,"Y",3,7,5,0,7,65
40,"Travel_Rarely","Finance",4,4,1,"Male",2,2,1,"L","Y","Accountant",8059,8865,9,"Yes",16,1,1,9,"Y",3,2,6,3,6,67
33,"Travel_Frequently","Finance",23,4,1,"Male",3,2,1,"L","N","Accountant",8471,9318,2,"No",16,1,1,7,"N",1,5,6,3,7,50
48,"Travel_Rarely","Research & Development",3,3,1,"Male",2,2,2,"H","Y","Customercare Representative",4240,13119,5,"No",13,4,0,19,"Y",3,2,2,2,2,53
36,"Travel_Rarely","Sales",8,4,3,"Male",2,1,4,"H","N","Sales Representative",3407,6986,7,"No",23,2,0,10,"Y",3,5,3,0,3,63
29,"Travel_Rarely","Research & Development",3,4,1,"Male",3,1,2,"L","N","Research and Design Specialists",4787,26124,7,"Yes",14,2,3,4,"N",4,2,2,2,2,41
34,"Travel_Rarely","Research & Development",22,3,2,"Female",2,1,4,"L","Y","Research and Design Specialists",2929,20338,1,"No",12,2,0,10,"Y",3,10,9,8,7,64
45,"Travel_Rarely","Finance",21,4,1,"Male",3,3,2,"L","N","Accountant",8140,8954,1,"Yes",18,3,0,9,"Y",1,8,2,1,6,32
32,"Travel_Frequently","Production",19,4,1,"Female",2,2,2,"L","N","Production Supervisors",6830,7513,5,"No",15,2,1,10,"Y",1,6,4,2,5,32
51,"Travel_Rarely","Finance",3,4,2,"Male",3,2,2,"L","N","Accountant",9404,10344,2,"Yes",15,2,0,9,"N",2,10,7,2,6,41
47,"Travel_Rarely","Research & Development",18,3,1,"Male",3,1,2,"L","N","Research and Design Specialists",3420,10205,7,"No",12,3,1,17,"Y",2,6,5,1,2,50
53,"Travel_Rarely","Finance",4,4,1,"Female",2,3,2,"L","Y","Accountant",8670,9537,3,"Yes",19,3,1,6,"Y",2,3,3,3,5,78
32,"Travel_Rarely","Sales",4,4,3,"Female",3,3,2,"L","Y","Sales Executive",10422,24032,1,"No",19,3,2,14,"Y",3,14,10,5,7,70
34,"Travel_Frequently","Research & Development",13,4,3,"Female",2,1,1,"L","N","Research and Design Specialists",2553,8306,2,"No",16,3,0,6,"N",3,5,2,1,3,34
31,"Travel_Rarely","Sales",3,4,1,"Female",3,2,2,"L","N","Sales Executive",5476,22589,5,"No",11,1,2,10,"Y",3,10,0,0,2,59
35,"Travel_Rarely","Research & Development",15,5,2,"Male",4,2,2,"L","N","Research and Design Specialists",5208,26312,2,"No",11,4,0,16,"N",3,16,15,1,10,46
33,"Travel_Rarely","Production",15,3,3,"Male",3,1,2,"H","N","Machinists ",2496,6670,4,"No",11,4,0,7,"Y",3,1,1,0,0,72
25,"Travel_Rarely","Sales",25,2,1,"Male",2,1,1,"H","N","Sales Representative",4400,15182,8,"No",12,1,0,6,"N",3,3,2,2,2,37
18,"Non-Travel","Research & Development",16,3,2,"Female",3,1,2,"L","Y","Research and Design Specialists",1514,8018,9,"No",16,3,0,0,"Y",1,0,0,0,0,50
47,"Travel_Frequently","Sales",17,1,2,"Male",3,2,4,"H","N","Sales Representative",2976,25751,3,"No",19,1,0,5,"Y",3,0,0,0,0,63
31,"Travel_Rarely","Research & Development",19,1,3,"Female",3,1,1,"L","Y","Research and Design Specialists",3929,6984,8,"Yes",23,3,1,7,"N",3,4,2,0,2,38
36,"Travel_Rarely","Production",17,3,1,"Male",3,1,4,"L","Y","Machinists ",2013,10950,4,"No",11,3,0,15,"Y",3,4,3,1,3,74
37,"Travel_Rarely","Research & Development",15,3,4,"Female",2,2,2,"H","Y","Manufacturing Director",6474,9961,6,"No",13,2,1,14,"Y",2,14,8,3,11,70
27,"Travel_Frequently","Sales",1,1,3,"Male",3,2,2,"H","N","Sales Executive",4342,24008,7,"No",19,2,1,5,"Y",3,4,2,1,1,53
53,"Travel_Rarely","Production",13,3,4,"Male",3,2,2,"H","N","Machinists ",2450,10919,9,"No",17,4,0,19,"Y",3,2,2,2,2,61
51,"Travel_Rarely","Human Resources",18,3,3,"Male",3,4,2,"H","Y","Manager",14026,17588,2,"Yes",11,2,1,33,"Y",3,33,9,0,10,59
25,"Travel_Rarely","Sales",2,1,3,"Male",3,2,2,"L","Y","Sales Executive",4194,14363,6,"Yes",18,4,0,5,"Y",3,5,3,0,3,59
25,"Travel_Rarely","Research & Development",3,1,1,"Male",4,1,2,"H","Y","Research and Design Specialists",3424,21632,7,"No",13,3,0,6,"Y",2,4,3,0,1,60
44,"Travel_Rarely","Research & Development",9,3,1,"Female",3,3,2,"L","N","Customercare Representative",7978,14075,4,"No",11,4,1,10,"N",3,10,7,0,5,25
27,"Travel_Rarely","Research & Development",9,4,1,"Female",3,2,2,"H","Y","Manufacturing Director",4227,4658,1,"No",18,2,1,4,"Y",3,3,2,2,2,53
39,"Travel_Rarely","Production",16,3,2,"Male",4,2,1,"L","N","Production Supervisors",5880,6468,6,"No",18,1,0,7,"N",1,2,4,3,7,30
42,"Travel_Rarely","Production",17,3,4,"Female",2,1,4,"H","N","Machinists ",2593,8007,0,"Yes",11,3,1,10,"Y",3,9,6,7,8,63
32,"Travel_Frequently","Sales",14,4,4,"Male",3,2,2,"L","Y","Sales Executive",4648,26075,3,"No",13,3,0,4,"Y",4,0,0,0,0,57
32,"Travel_Rarely","Finance",7,4,2,"Female",2,2,1,"L","N","Accountant",8707,9578,7,"Yes",17,4,1,5,"N",2,4,3,3,6,26
25,"Travel_Rarely","Sales",21,3,2,"Female",4,5,3,"L","Y","IT specialists",6213,6834,8,"No",20,2,0,7,"Y",3,2,6,3,7,85
39,"Travel_Frequently","Research & Development",2,4,3,"Female",3,3,2,"H","N","Customercare Representative",10938,6420,0,"No",25,4,0,20,"Y",3,19,6,11,8,62
38,"Travel_Rarely","Sales",20,2,4,"Male",3,3,4,"H","Y","Sales Executive",7351,20619,8,"No",16,3,0,10,"Y",3,1,0,0,0,74
34,"Travel_Rarely","Sales",17,1,4,"Female",2,2,1,"L","Y","Sales Executive",8103,16495,5,"Yes",12,3,0,9,"Y",2,4,2,0,1,56
35,"Travel_Rarely","Production",19,3,2,"Male",3,3,3,"L","N","Production Supervisors",6854,7539,6,"No",19,1,1,7,"N",3,2,6,1,4,31
46,"Travel_Frequently","Research & Development",3,1,1,"Female",3,3,1,"H","N","Customercare Representative",10527,8984,5,"No",11,4,0,28,"Y",2,2,2,1,2,51
34,"Travel_Frequently","Production",9,3,3,"Female",3,2,2,"L","N","Machinists ",4444,22534,9,"No",13,3,2,15,"N",4,11,8,5,10,48
49,"Travel_Rarely","Sales",14,4,4,"Male",2,4,2,"L","Y","Sales Executive",13120,11879,3,"No",17,2,1,22,"Y",3,9,8,2,3,72
35,"Travel_Rarely","Research & Development",13,4,1,"Female",3,2,2,"H","Y","Customercare Representative",6142,4223,4,"Yes",16,3,0,10,"Y",3,5,2,0,4,57
45,"Travel_Frequently","Production",14,4,1,"Male",2,5,4,"L","N","Production Supervisors",6842,7526,5,"Yes",18,1,1,6,"Y",2,4,4,2,6,39
33,"Non-Travel","Sales",10,1,2,"Female",2,1,2,"H","Y","Sales Representative",2342,21437,3,"No",19,4,0,3,"Y",2,2,2,2,2,61
55,"Travel_Rarely","Research & Development",2,3,3,"Male",2,5,4,"L","Y","Research Director",19038,19805,4,"No",12,2,3,34,"Y",3,1,0,0,0,74
37,"Travel_Rarely","Sales",21,3,3,"Male",3,3,2,"L","N","Sales Executive",7428,14506,2,"No",12,1,0,12,"N",3,5,3,1,3,36
41,"Travel_Rarely","Human Resources",1,3,4,"Male",2,5,4,"H","N","Manager",19189,19562,7,"No",12,2,1,22,"Y",3,22,7,2,10,65
46,"Travel_Rarely","Sales",13,3,3,"Female",1,4,1,"H","Y","Manager",16872,14977,3,"Yes",12,2,1,28,"Y",2,7,7,7,7,56
38,"Travel_Rarely","Sales",15,2,1,"Female",4,2,1,"H","N","Sales Executive",5605,19191,1,"Yes",24,3,1,8,"Y",3,8,0,7,7,51
44,"Travel_Rarely","Research & Development",15,1,1,"Female",4,1,2,"L","Y","Research and Design Specialists",2011,19982,7,"No",13,4,1,10,"Y",3,10,5,7,7,62
29,"Travel_Rarely","Research & Development",2,4,2,"Female",4,3,1,"L","N","Manufacturing Director",9980,10195,1,"No",11,3,1,10,"N",3,10,9,8,8,32
50,"Travel_Frequently","Human Resources",3,3,1,"Male",3,5,3,"H","N","Manager",18200,7999,5,"No",11,3,1,32,"Y",3,32,5,10,7,86
27,"Non-Travel","Research & Development",19,3,4,"Male",3,1,4,"H","Y","Research and Design Specialists",1706,16571,2,"No",11,3,3,0,"Y",2,0,0,0,0,79
21,"Travel_Rarely","Sales",10,3,3,"Female",4,1,1,"L","N","Sales Representative",2716,25422,1,"No",15,4,0,1,"N",3,1,0,0,0,37
48,"Travel_Rarely","Finance",19,4,1,"Male",2,2,2,"L","Y","Accountant",8138,8952,5,"No",18,1,1,6,"N",2,7,2,3,6,79
42,"Travel_Rarely","Research & Development",6,2,4,"Female",2,2,2,"H","Y","Manufacturing Director",6062,4051,3,"Yes",13,4,1,8,"Y",3,4,3,0,2,59
38,"Non-Travel","Sales",1,2,4,"Male",2,2,3,"H","N","Sales Executive",5249,19682,3,"No",18,4,1,13,"Y",3,8,7,7,5,83
33,"Travel_Frequently","Sales",22,4,3,"Female",4,2,2,"H","Y","Customercare Representative",5488,20161,4,"Yes",13,1,1,6,"Y",3,6,5,1,2,53
26,"Non-Travel","Production",16,3,4,"Male",3,1,2,"L","N","Machinists ",2570,11925,5,"No",20,3,0,7,"N",3,7,7,5,7,46
45,"Travel_Rarely","Research & Development",21,2,4,"Female",2,4,2,"L","Y","Research Director",16704,17119,5,"No",11,3,0,21,"N",3,21,6,8,6,42
47,"Travel_Frequently","Production",3,4,2,"Male",2,1,2,"H","Y","Production Supervisors",6301,7561,7,"No",16,3,0,8,"Y",1,6,4,1,6,71
18,"Travel_Rarely","Sales",10,3,4,"Female",2,1,2,"L","N","Sales Representative",1200,9724,1,"No",12,1,0,0,"N",3,0,0,0,0,45
22,"Travel_Frequently","Production",7,1,3,"Male",2,1,1,"H","N","Machinists ",3894,9129,5,"No",16,3,0,4,"Y",3,2,2,1,2,58
27,"Travel_Rarely","Sales",9,3,4,"Male",3,2,2,"H","N","Sales Executive",4478,5242,1,"Yes",11,1,0,5,"Y",3,5,4,0,4,70
30,"Non-Travel","Sales",7,4,3,"Female",3,3,2,"L","N","Sales Executive",8412,2890,0,"No",11,3,0,10,"N",3,9,8,7,8,45
37,"Non-Travel","Production",23,2,3,"Male",4,1,2,"H","Y","Machinists ",3500,25470,4,"No",14,1,0,7,"Y",1,6,5,1,3,70
26,"Travel_Frequently","Research & Development",22,3,3,"Female",3,2,2,"H","N","Manufacturing Director",6397,26767,1,"No",20,1,1,6,"Y",1,6,5,1,4,77
45,"Travel_Rarely","Finance",8,4,2,"Female",2,2,2,"L","N","Accountant",9064,9970,9,"Yes",17,4,1,8,"N",2,6,4,2,3,50
36,"Travel_Frequently","Sales",4,2,2,"Female",3,3,1,"L","N","Sales Executive",9738,22952,0,"No",14,3,1,10,"Y",3,9,7,2,8,50
33,"Travel_Rarely","Finance",15,3,1,"Female",2,2,3,"H","Y","Accountant",6253,6878,7,"No",15,2,1,6,"Y",2,7,2,1,6,69
29,"Travel_Rarely","Production",11,4,4,"Female",3,1,1,"L","Y","Machinists ",2974,25412,1,"No",17,3,1,9,"N",3,5,3,1,2,38
37,"Travel_Frequently","Research & Development",25,3,1,"Male",3,3,2,"L","N","Manufacturing Director",10048,22573,6,"No",11,2,2,17,"N",3,1,0,0,0,33
33,"Non-Travel","Production",16,2,2,"Male",2,1,2,"L","Y","Machinists ",2008,20439,9,"No",12,3,3,1,"Y",2,1,1,0,0,62
35,"Travel_Rarely","Human Resources",19,4,3,"Male",3,1,4,"H","N","Human Resources",4323,7108,1,"No",17,2,0,6,"Y",1,5,4,1,4,74
36,"Non-Travel","Production",14,4,2,"Female",3,2,4,"H","N","Machinists ",5674,6927,7,"No",15,3,1,11,"Y",3,9,8,0,8,64
35,"Travel_Rarely","Research & Development",7,3,3,"Male",3,3,2,"H","Y","Manufacturing Director",10221,18869,9,"No",21,2,0,17,"Y",4,8,5,1,6,59
30,"Travel_Rarely","Research & Development",17,3,3,"Male",4,2,1,"L","Y","Customercare Representative",5294,9128,8,"No",16,3,1,10,"N",3,7,0,1,7,20
30,"Travel_Rarely","Finance",9,3,2,"Male",3,2,1,"L","N","Accountant",9124,10036,4,"Yes",16,1,1,10,"Y",1,7,7,3,7,49
34,"Travel_Rarely","Finance",13,3,2,"Male",3,3,1,"L","N","Accountant",9629,10592,2,"Yes",15,3,0,6,"Y",2,9,2,3,4,36
42,"Travel_Rarely","Sales",22,2,3,"Female",2,2,4,"L","Y","Sales Executive",6244,7824,2,"No",17,1,0,10,"Y",3,5,4,0,3,69
54,"Travel_Rarely","Finance",12,4,2,"Male",2,2,3,"L","N","Accountant",8858,9744,3,"Yes",20,3,0,6,"N",1,10,2,1,3,36
39,"Travel_Rarely","Research & Development",17,1,4,"Male",2,3,3,"L","Y","Customercare Representative",9991,21457,5,"No",15,1,1,9,"Y",3,7,7,1,7,75
29,"Travel_Rarely","Research & Development",25,1,2,"Female",1,1,2,"L","Y","Research and Design Specialists",2168,26933,9,"Yes",18,1,1,6,"N",2,5,4,1,3,41
35,"Non-Travel","Sales",14,2,3,"Female",2,3,2,"H","N","Sales Executive",10377,13755,4,"Yes",11,2,1,16,"Y",2,13,2,4,12,62
25,"Travel_Rarely","Sales",9,1,3,"Female",3,2,2,"L","N","Sales Executive",6180,22807,3,"No",23,2,0,6,"N",2,6,5,1,4,44
45,"Travel_Rarely","Research & Development",13,3,2,"Male",3,3,1,"H","Y","Research and Design Specialists",9724,18787,2,"No",17,3,1,25,"N",3,1,0,0,0,66
33,"Travel_Rarely","Research & Development",12,4,3,"Female",2,1,2,"H","N","Research and Design Specialists",2911,14776,1,"No",13,3,1,2,"Y",2,2,2,0,2,53
42,"Non-Travel","Human Resources",13,5,4,"Male",4,2,2,"H","N","Human Resources",6272,12858,8,"No",16,1,1,10,"Y",4,4,3,0,3,70
32,"Travel_Rarely","Research & Development",2,4,1,"Female",4,2,2,"L","N","Research and Design Specialists",5055,10557,7,"No",16,3,0,10,"N",2,7,7,0,7,45
39,"Travel_Rarely","Research & Development",25,1,3,"Male",3,3,1,"L","N","Research Director",13464,7914,6,"No",21,3,0,9,"Y",3,4,3,2,2,55
26,"Travel_Rarely","IT_Suppport",5,3,1,"Female",2,3,3,"L","Y","IT specialists",5304,5834,4,"No",20,4,0,9,"Y",3,10,3,3,7,56
26,"Travel_Frequently","Research & Development",21,1,3,"Male",3,1,2,"L","N","Research and Design Specialists",3102,6582,0,"No",22,3,0,7,"N",3,6,4,0,4,45
26,"Travel_Rarely","Finance",6,3,2,"Male",2,3,2,"L","N","Accountant",9947,10942,6,"No",20,4,0,8,"N",3,2,6,1,4,37
29,"Travel_Rarely","Research & Development",16,4,1,"Male",2,1,1,"H","Y","Research and Design Specialists",2362,7568,4,"No",13,3,0,11,"N",1,9,7,0,7,35
45,"Travel_Rarely","Human Resources",18,3,3,"Female",1,3,2,"L","Y","Human Resources",9756,6595,9,"No",21,3,2,9,"N",4,5,0,0,3,41
55,"Travel_Rarely","Production",1,3,2,"Male",4,3,1,"L","N","Production Supervisors",6812,7493,2,"Yes",18,4,0,7,"Y",2,3,4,1,2,34
31,"Travel_Rarely","Finance",21,3,1,"Male",2,3,2,"L","Y","Accountant",9556,10512,5,"Yes",16,2,1,9,"Y",2,7,7,2,2,58
29,"Travel_Rarely","Research & Development",2,4,3,"Female",3,1,1,"L","N","Research and Design Specialists",2514,26968,6,"No",22,1,1,11,"N",3,7,5,1,7,47
35,"Travel_Frequently","Research & Development",6,4,3,"Male",3,2,1,"L","N","Customercare Representative",5689,24594,8,"Yes",14,4,2,10,"N",4,10,2,0,2,35
52,"Travel_Rarely","Finance",18,4,1,"Male",2,3,2,"L","N","Accountant",8098,8908,1,"No",16,1,1,8,"Y",3,5,5,1,5,36
33,"Travel_Rarely","Finance",1,3,2,"Male",2,2,2,"L","Y","Accountant",9800,10780,6,"No",18,1,0,5,"Y",3,10,7,3,7,64
26,"Travel_Rarely","Research & Development",15,3,1,"Female",3,1,2,"H","N","Research and Design Specialists",2886,3032,1,"No",22,2,2,3,"Y",1,3,2,0,2,54
54,"Travel_Rarely","Finance",12,4,1,"Female",3,3,2,"L","Y","Accountant",9840,10824,7,"No",16,4,0,8,"N",3,4,7,1,6,80
42,"Travel_Rarely","Research & Development",9,2,3,"Male",3,5,1,"H","Y","Manager",19232,4933,1,"No",11,4,0,22,"Y",3,22,17,11,15,58
56,"Travel_Frequently","Research & Development",20,3,1,"Female",3,1,1,"L","N","Research and Design Specialists",2942,12154,2,"No",19,2,1,18,"N",3,5,4,0,3,35
44,"Travel_Rarely","Finance",17,3,1,"Male",3,2,1,"L","Y","Accountant",9721,10693,2,"Yes",17,2,0,10,"N",1,2,4,3,3,55
37,"Travel_Rarely","Research & Development",6,4,3,"Male",3,2,2,"H","N","Manufacturing Director",4197,21123,2,"Yes",12,4,0,18,"Y",2,1,0,0,1,60
44,"Travel_Rarely","Research & Development",14,3,4,"Male",3,1,1,"H","Y","Research and Design Specialists",3420,21158,8,"No",13,3,0,6,"Y",2,5,2,1,3,55
39,"Travel_Rarely","Research & Development",1,3,3,"Male",4,3,3,"H","N","Customercare Representative",9613,10942,0,"No",17,1,3,19,"Y",2,18,10,3,7,83
43,"Travel_Frequently","Sales",8,2,3,"Male",3,4,2,"H","N","Manager",16959,19494,1,"Yes",12,4,2,25,"Y",4,25,12,4,12,59
20,"Travel_Rarely","Sales",16,3,3,"Female",2,1,4,"H","Y","Customercare Representative",2044,22052,9,"No",13,4,0,2,"Y",2,2,2,0,2,67
30,"Travel_Rarely","Research & Development",16,3,1,"Female",3,1,2,"H","N","Research and Design Specialists",2632,23910,1,"No",14,3,0,5,"Y",2,5,4,0,4,72
47,"Travel_Rarely","Sales",19,4,2,"Female",4,4,4,"L","N","Manager",15972,21086,4,"No",14,3,3,29,"Y",3,3,2,1,2,69
51,"Travel_Rarely","Research & Development",9,2,4,"Female",2,4,1,"L","Y","Manufacturing Director",13142,24439,7,"No",16,2,0,29,"Y",2,5,2,0,3,56
30,"Travel_Rarely","Research & Development",4,3,2,"Male",2,1,1,"L","Y","Research and Design Specialists",2141,5348,1,"No",12,2,1,6,"N",2,6,4,1,1,34
28,"Travel_Rarely","Research & Development",5,4,3,"Male",3,1,2,"L","N","Research and Design Specialists",4382,16374,5,"No",17,4,0,5,"N",2,2,2,2,1,30
31,"Travel_Rarely","Finance",24,3,1,"Male",2,3,1,"L","N","Accountant",9112,10023,5,"Yes",19,2,0,5,"Y",1,6,2,3,5,35
48,"Travel_Rarely","Research & Development",20,3,4,"Male",3,3,4,"L","N","Manufacturing Director",7898,18706,9,"No",11,3,0,11,"Y",3,10,9,0,8,63
43,"Travel_Rarely","Sales",14,3,1,"Female",1,2,2,"L","Y","Sales Executive",5346,9489,4,"No",13,2,0,7,"N",2,4,3,1,3,17
42,"Travel_Rarely","Sales",20,4,2,"Male",3,2,1,"L","Y","Sales Executive",5087,2900,7,"Yes",12,3,2,14,"Y",3,0,0,0,0,58
42,"Non-Travel","Research & Development",16,2,4,"Male",2,2,2,"L","Y","Research and Design Specialists",4332,14811,4,"No",12,4,0,20,"Y",3,20,9,3,7,60
53,"Travel_Rarely","IT_Suppport",19,4,1,"Male",2,4,1,"L","N","IT specialists",10075,11083,3,"Yes",16,2,1,10,"N",1,2,6,2,7,30
29,"Travel_Rarely","Research & Development",24,3,1,"Male",3,2,4,"L","Y","Customercare Representative",5373,6225,6,"No",12,1,1,6,"Y",2,5,3,0,2,74
24,"Travel_Rarely","Production",4,2,4,"Male",2,1,3,"H","N","Machinists ",2127,9100,5,"No",21,4,1,1,"Y",3,1,0,0,0,84
43,"Travel_Rarely","Finance",5,3,1,"Male",3,3,1,"L","N","Accountant",8164,8980,8,"Yes",18,3,1,7,"Y",3,8,2,2,3,32
39,"Travel_Frequently","Research & Development",18,1,2,"Male",3,5,2,"H","N","Manager",19197,8213,1,"Yes",14,3,1,21,"Y",3,21,8,1,6,66
47,"Travel_Rarely","Research & Development",3,4,1,"Female",3,4,4,"L","Y","Research Director",17169,26703,8,"No",19,2,2,26,"Y",4,20,17,5,6,67
48,"Travel_Rarely","Research & Development",19,4,3,"Male",2,3,4,"L","Y","Customercare Representative",10999,22245,1,"No",14,2,0,27,"Y",3,15,11,4,8,69
27,"Travel_Frequently","Research & Development",12,3,4,"Male",3,1,4,"L","Y","Research and Design Specialists",2580,6297,6,"No",13,3,0,6,"Y",2,4,2,1,2,74
26,"Travel_Rarely","Sales",7,2,1,"Male",3,2,2,"L","N","Sales Executive",4306,4267,5,"No",12,1,2,8,"N",3,0,0,0,0,44
27,"Travel_Rarely","Sales",13,1,2,"Female",2,2,2,"L","N","Sales Representative",3540,7018,9,"No",21,4,1,9,"N",3,9,8,5,8,45
34,"Travel_Frequently","Research & Development",2,1,4,"Male",2,2,2,"H","Y","Manufacturing Director",9547,14074,1,"No",17,3,0,10,"Y",2,10,9,1,9,77
51,"Travel_Frequently","Sales",9,3,2,"Male",3,3,1,"H","N","Sales Executive",10596,15395,5,"No",11,2,0,14,"N",3,4,2,3,2,39
36,"Travel_Rarely","Research & Development",7,3,4,"Male",3,3,2,"L","Y","Customercare Representative",8321,25949,8,"Yes",13,4,1,15,"N",3,12,8,5,7,45
45,"Travel_Frequently","Research & Development",14,3,2,"Female",3,5,2,"L","Y","Manager",18061,13035,4,"No",22,3,0,22,"N",3,0,0,0,0,48
30,"Travel_Rarely","Research & Development",5,2,4,"Female",3,2,2,"L","Y","Research and Design Specialists",5775,11934,1,"No",13,4,2,11,"N",3,10,8,1,9,24
54,"Travel_Rarely","Finance",17,4,2,"Female",2,2,2,"L","Y","Accountant",9588,10547,2,"Yes",15,2,0,5,"Y",2,10,6,1,6,67
38,"Travel_Frequently","Human Resources",24,4,4,"Male",3,1,3,"L","Y","Human Resources",2991,5224,5,"Yes",11,2,1,7,"Y",3,6,2,1,2,75
44,"Travel_Rarely","Research & Development",18,4,4,"Male",3,2,2,"H","Y","Research and Design Specialists",4541,7744,7,"No",25,2,0,20,"Y",3,20,11,13,17,54
44,"Travel_Rarely","Human Resources",16,3,3,"Female",3,1,2,"L","Y","Human Resources",3195,4167,6,"Yes",18,1,3,8,"Y",3,2,2,2,2,57
30,"Travel_Rarely","IT_Suppport",6,4,2,"Female",2,2,2,"L","Y","IT specialists",6026,6629,1,"Yes",18,1,1,6,"Y",2,8,5,2,7,62
37,"Non-Travel","Research & Development",25,4,1,"Female",3,3,1,"H","N","Research Director",13603,11677,2,"Yes",18,1,2,15,"Y",3,5,2,0,2,55
31,"Travel_Rarely","Research & Development",10,5,1,"Female",3,4,2,"L","N","Research Director",16422,8847,5,"No",11,3,0,9,"Y",4,3,2,1,0,77
25,"Travel_Frequently","Finance",1,3,2,"Female",3,2,3,"L","N","Accountant",8832,9715,3,"No",20,2,0,8,"N",2,7,5,1,6,36
25,"Travel_Rarely","Production",4,1,4,"Male",3,1,2,"L","Y","Machinists ",3977,7298,5,"Yes",19,3,1,7,"Y",2,2,2,0,2,66
41,"Travel_Rarely","Sales",17,3,3,"Female",3,2,4,"L","Y","Sales Executive",4393,26841,7,"No",21,3,1,14,"Y",3,5,4,1,4,64
20,"Travel_Frequently","Sales",13,3,4,"Female",3,1,1,"H","N","Sales Representative",2323,17205,9,"Yes",14,2,0,2,"N",3,2,2,0,2,23
40,"Travel_Rarely","Research & Development",15,2,2,"Female",3,2,1,"L","N","Manufacturing Director",6516,5041,5,"Yes",16,2,1,18,"Y",3,1,0,0,0,58
54,"Travel_Rarely","Research & Development",13,2,1,"Female",3,2,1,"L","Y","Research and Design Specialists",2897,22474,5,"No",11,3,2,9,"Y",2,4,3,2,3,51
33,"Travel_Frequently","Research & Development",9,4,1,"Female",2,2,2,"H","N","Research and Design Specialists",4508,3129,8,"No",22,2,0,14,"N",3,13,7,3,8,36
26,"Travel_Frequently","Sales",24,3,3,"Male",2,2,2,"L","Y","Sales Executive",4294,11148,7,"No",12,2,0,7,"Y",3,7,7,0,7,52
28,"Travel_Rarely","Sales",7,4,2,"Female",3,2,2,"L","N","Sales Executive",4779,3698,7,"Yes",20,1,0,8,"N",3,8,7,7,5,44
34,"Travel_Frequently","Research & Development",20,3,2,"Male",3,4,1,"L","N","Research Director",17007,11929,5,"No",14,4,2,16,"Y",2,14,8,6,9,55
36,"Travel_Frequently","Production",7,4,1,"Male",4,2,3,"L","N","Machinists ",5562,19711,1,"Yes",13,4,1,9,"Y",3,3,2,0,2,83
39,"Travel_Frequently","Research & Development",1,3,1,"Male",3,4,4,"H","Y","Customercare Representative",12169,13547,1,"No",11,4,3,21,"Y",3,18,7,11,5,69
30,"Travel_Frequently","Human Resources",22,3,3,"Female",2,1,2,"L","N","Human Resources",2180,9732,9,"No",11,3,1,6,"Y",2,4,2,1,2,54
45,"Travel_Rarely","Sales",2,3,1,"Female",1,5,2,"H","Y","Manager",18824,2493,2,"Yes",16,1,0,26,"Y",3,24,10,1,11,50
34,"Travel_Rarely","Research & Development",7,2,4,"Female",3,1,1,"L","N","Research and Design Specialists",2311,5711,2,"No",15,4,0,9,"N",3,3,2,1,2,31
26,"Travel_Rarely","IT_Suppport",4,3,1,"Male",3,4,4,"L","Y","IT specialists",9287,10216,9,"Yes",19,4,0,6,"Y",2,2,6,3,6,71
49,"Travel_Rarely","Research & Development",5,4,3,"Male",3,3,2,"L","Y","Customercare Representative",10466,20948,6,"No",14,2,2,29,"Y",3,8,7,0,7,54
29,"Travel_Rarely","Sales",2,3,3,"Male",2,2,1,"L","Y","Sales Executive",8620,23757,6,"No",14,3,2,10,"Y",3,10,7,0,4,51
37,"Travel_Rarely","Research & Development",9,3,1,"Male",3,2,2,"H","N","Research and Design Specialists",4285,3031,9,"No",17,1,0,10,"Y",3,10,8,3,7,66
32,"Travel_Rarely","Sales",14,4,3,"Male",2,2,2,"L","N","Sales Executive",9907,26186,4,"Yes",12,3,0,7,"Y",2,2,2,2,2,59
44,"Travel_Frequently","Production",8,3,4,"Male",3,1,1,"H","N","Machinists ",3161,19920,3,"Yes",22,4,1,19,"Y",1,1,0,0,0,56
47,"Travel_Frequently","Sales",16,3,3,"Male",1,4,2,"L","Y","Sales Executive",12936,24164,2,"No",11,3,0,25,"Y",1,23,5,14,10,50
50,"Travel_Frequently","Sales",2,3,3,"Female",3,3,1,"H","Y","Sales Executive",9208,6645,4,"No",11,4,0,16,"Y",3,2,2,2,1,56
50,"Travel_Frequently","Finance",9,3,2,"Male",2,2,2,"L","Y","Accountant",8126,8939,5,"No",20,1,1,7,"Y",2,9,7,1,3,72
32,"Travel_Rarely","Sales",8,4,2,"Male",3,2,4,"H","Y","Sales Executive",5010,24301,1,"No",16,1,0,12,"Y",3,11,8,5,7,66
43,"Travel_Rarely","IT_Suppport",14,4,2,"Female",4,1,4,"L","N","IT specialists",8574,9431,1,"No",15,1,0,6,"N",2,4,7,2,7,34
28,"Travel_Frequently","Production",16,4,4,"Male",3,1,2,"H","N","Machinists ",2154,6842,3,"Yes",11,3,0,5,"Y",2,4,2,0,2,57
31,"Non-Travel","Research & Development",16,4,3,"Male",1,2,4,"H","N","Manufacturing Director",4345,4381,0,"No",12,4,1,6,"Y",3,5,4,1,4,69
21,"Travel_Rarely","Sales",14,1,3,"Male",3,1,2,"L","N","Customercare Representative",3447,24444,2,"No",11,3,0,3,"N",3,3,2,1,2,49
47,"Travel_Rarely","IT_Suppport",7,3,1,"Male",4,4,1,"H","Y","IT specialists",10749,11824,9,"Yes",19,1,0,9,"Y",3,9,2,3,4,75
33,"Non-Travel","Sales",24,3,4,"Female",3,2,2,"L","N","Sales Executive",5147,10697,3,"No",15,4,0,13,"Y",2,11,7,1,7,73
35,"Travel_Rarely","Research & Development",13,4,4,"Male",3,2,1,"L","N","Manufacturing Director",6883,5151,7,"No",16,2,1,17,"N",3,7,7,0,7,26
46,"Travel_Frequently","Sales",19,4,1,"Male",3,2,2,"H","N","Sales Executive",5772,20445,4,"Yes",21,3,0,14,"Y",3,9,6,0,8,64
45,"Travel_Frequently","Research & Development",4,4,2,"Male",3,2,2,"L","Y","Customercare Representative",5399,14511,5,"No",12,3,0,12,"Y",3,4,2,0,3,73
39,"Travel_Rarely","Research & Development",22,2,1,"Male",3,2,3,"L","Y","Manufacturing Director",5151,12315,9,"No",25,4,1,10,"Y",3,10,0,7,9,71
43,"Travel_Frequently","Production",23,4,3,"Female",2,2,2,"H","Y","Machinists ",5257,6227,1,"No",11,2,1,9,"Y",4,9,7,0,0,66
28,"Travel_Rarely","Research & Development",3,2,2,"Male",4,2,1,"L","Y","Customercare Representative",5661,4824,0,"No",19,3,0,9,"N",3,8,3,0,7,38
38,"Travel_Rarely","Research & Development",25,3,3,"Female",3,3,3,"H","N","Manufacturing Director",7861,15397,5,"Yes",14,4,0,10,"Y",4,1,0,0,0,71
56,"Travel_Rarely","Production",16,3,4,"Male",1,3,3,"H","N","Manufacturing Director",7260,21698,4,"No",11,1,0,37,"Y",2,6,4,0,2,51
24,"Travel_Rarely","Production",16,2,3,"Male",2,1,2,"L","N","Machinists ",2296,10036,3,"No",14,2,3,2,"N",3,1,1,0,0,44
29,"Travel_Frequently","Research & Development",23,3,4,"Female",3,1,1,"H","Y","Research and Design Specialists",3291,17940,7,"No",14,4,2,8,"Y",2,7,5,1,1,58
35,"Travel_Frequently","Production",20,4,2,"Female",4,3,3,"L","N","Production Supervisors",6058,6664,1,"No",18,1,0,7,"Y",2,9,4,1,2,33
41,"Non-Travel","Research & Development",15,4,1,"Female",2,2,2,"H","N","Customercare Representative",6811,2112,2,"Yes",17,1,0,10,"Y",3,8,7,0,7,66
37,"Travel_Frequently","Research & Development",4,3,2,"Male",3,3,4,"H","Y","Research Director",12185,10056,1,"Yes",14,3,3,10,"Y",3,10,8,0,7,69
25,"Non-Travel","Research & Development",14,2,2,"Male",4,2,2,"H","N","Customercare Representative",4000,18384,1,"No",12,4,2,6,"Y",3,6,3,1,5,60
26,"Travel_Rarely","Production",16,4,4,"Male",1,1,1,"L","Y","Machinists ",2305,6217,2,"No",15,3,3,3,"N",4,3,2,0,2,47
28,"Travel_Rarely","Research & Development",20,3,3,"Female",3,1,2,"L","N","Research and Design Specialists",3591,12719,2,"No",25,3,1,3,"Y",3,3,2,1,2,60
50,"Travel_Rarely","Research & Development",12,2,4,"Male",3,4,2,"L","N","Research Director",17399,6615,1,"No",22,3,1,32,"N",2,5,4,1,3,49
47,"Travel_Rarely","Finance",4,4,1,"Female",3,2,2,"L","N","Accountant",8791,9670,8,"Yes",18,3,0,7,"N",2,5,2,1,6,34
29,"Travel_Rarely","Production",8,3,2,"Female",3,1,2,"H","N","Machinists ",3339,17285,5,"Yes",13,1,2,10,"N",3,7,7,7,7,30
29,"Travel_Rarely","Finance",9,3,2,"Female",3,2,2,"L","Y","Accountant",9438,10382,9,"Yes",18,1,0,7,"Y",3,8,2,2,6,70
39,"Travel_Rarely","Sales",20,4,2,"Male",3,4,4,"L","Y","Sales Executive",13341,25098,6,"No",12,1,0,21,"Y",3,20,8,11,10,80
40,"Travel_Rarely","Research & Development",11,1,4,"Female",3,5,2,"H","Y","Manager",19033,6499,1,"No",14,2,1,21,"Y",3,20,8,9,9,59
51,"Travel_Rarely","Research & Development",15,4,1,"Male",3,1,1,"H","N","Research and Design Specialists",2461,10332,7,"Yes",12,3,3,18,"N",4,10,0,2,7,37
28,"Travel_Frequently","Finance",24,3,2,"Male",3,2,1,"L","N","Accountant",8152,8967,2,"No",17,4,1,7,"N",1,3,5,3,5,40
55,"Travel_Rarely","Sales",16,5,3,"Male",2,5,1,"H","N","Manager",19586,23037,8,"No",21,3,1,36,"N",3,36,6,2,13,35
25,"Travel_Rarely","Sales",10,1,2,"Male",3,1,2,"L","N","Sales Representative",2096,26376,5,"No",11,3,0,7,"N",3,7,4,0,6,36
44,"Travel_Rarely","Finance",3,4,2,"Male",3,3,2,"L","N","Accountant",8944,9838,4,"No",19,4,0,5,"Y",3,10,6,1,2,44
38,"Travel_Frequently","Production",17,2,4,"Male",3,1,4,"H","N","Machinists ",1702,12106,1,"Yes",23,3,1,1,"Y",3,1,0,0,0,64
31,"Travel_Rarely","Production",5,3,1,"Female",4,1,3,"L","Y","Machinists ",3978,16031,5,"No",12,2,1,4,"Y",2,2,2,2,2,86
36,"Travel_Frequently","Production",1,2,3,"Male",4,2,1,"L","N","Machinists ",2571,12290,6,"No",17,3,1,17,"N",3,5,2,0,3,32
35,"Travel_Frequently","Research & Development",14,2,3,"Male",3,3,2,"L","N","Manufacturing Director",9362,19944,7,"No",11,3,0,10,"Y",3,2,2,2,2,68
39,"Travel_Rarely","Research & Development",15,5,2,"Male",3,2,2,"L","Y","Manufacturing Director",5377,3835,6,"No",13,4,3,10,"N",3,7,7,7,7,41
44,"Travel_Rarely","Research & Development",4,3,3,"Female",4,3,4,"L","N","Customercare Representative",7879,14810,6,"Yes",19,2,1,9,"Y",3,8,7,6,7,63
37,"Travel_Rarely","IT_Suppport",24,3,1,"Male",3,3,4,"L","Y","IT specialists",7110,7821,6,"No",20,3,1,6,"Y",2,10,7,1,5,54
47,"Travel_Rarely","Finance",9,3,1,"Male",2,2,3,"L","Y","Accountant",9839,10823,2,"Yes",20,1,0,7,"Y",3,5,3,1,4,66
27,"Travel_Rarely","Research & Development",23,4,2,"Male",3,1,3,"L","Y","Research and Design Specialists",2226,6073,6,"No",11,3,1,6,"Y",2,5,3,1,2,83
37,"Travel_Rarely","Research & Development",3,4,1,"Male",2,2,2,"H","N","Manufacturing Director",5993,2689,1,"No",18,3,1,7,"Y",4,7,5,0,7,66
45,"Travel_Rarely","Research & Development",16,3,2,"Female",2,2,3,"H","Y","IT specialists",10330,11363,5,"Yes",16,3,0,9,"Y",1,4,5,2,5,69
34,"Travel_Rarely","Research & Development",6,4,3,"Female",3,2,2,"H","N","Customercare Representative",6687,6163,1,"No",11,4,0,14,"Y",4,14,11,4,11,60
26,"Travel_Frequently","Human Resources",15,4,2,"Female",3,1,1,"L","N","Human Resources",2741,22808,0,"Yes",11,2,1,8,"N",2,7,7,1,0,37
27,"Travel_Frequently","Sales",5,1,4,"Male",1,2,2,"L","N","Sales Executive",5071,20392,4,"No",20,2,0,8,"Y",3,6,2,0,0,54
42,"Travel_Rarely","Research & Development",13,4,4,"Male",3,2,2,"L","Y","Research and Design Specialists",5410,11189,8,"Yes",17,3,1,9,"Y",2,4,3,1,2,53
29,"Travel_Rarely","Research & Development",18,1,4,"Male",1,2,1,"L","N","Customercare Representative",6384,21143,9,"No",17,4,2,11,"Y",3,7,0,1,6,56
38,"Travel_Frequently","Production",19,3,1,"Female",2,2,4,"L","N","Production Supervisors",6648,7313,4,"No",20,4,0,5,"Y",2,6,5,2,5,36
34,"Travel_Frequently","Production",24,3,1,"Male",3,4,2,"L","N","Production Supervisors",7241,8689,9,"Yes",17,1,0,8,"Y",3,7,5,1,5,33
53,"Travel_Rarely","Sales",18,2,1,"Female",2,3,2,"H","Y","Sales Executive",10934,20715,9,"Yes",18,4,1,35,"Y",3,5,2,0,4,54
22,"Travel_Rarely","Production",1,1,3,"Female",3,1,2,"L","N","Machinists ",2398,15999,1,"Yes",17,3,0,1,"Y",3,1,0,0,0,68
52,"Travel_Rarely","Sales",19,1,1,"Female",1,5,2,"L","N","Manager",19845,25846,8,"No",15,4,1,33,"N",3,32,14,6,9,48
45,"Non-Travel","Sales",17,4,2,"Female",2,2,1,"L","Y","Sales Executive",5593,17970,4,"No",13,4,1,15,"Y",3,15,10,4,12,55
28,"Travel_Rarely","Finance",24,4,1,"Female",3,3,2,"L","Y","Accountant",8263,9089,6,"Yes",19,2,1,10,"Y",1,2,7,2,5,67
34,"Travel_Rarely","Sales",3,3,3,"Female",3,2,4,"L","N","Sales Executive",4538,6039,4,"Yes",12,4,0,4,"Y",3,3,2,0,2,67
30,"Travel_Rarely","Sales",23,3,2,"Female",3,3,4,"H","N","Sales Executive",9419,8053,2,"No",12,3,1,12,"Y",3,10,9,7,4,79
35,"Travel_Frequently","Production",6,3,2,"Female",3,2,2,"H","N","Machinists ",4425,15986,5,"No",11,4,0,10,"Y",3,6,2,1,2,70
33,"Travel_Rarely","IT_Suppport",13,4,1,"Male",3,3,4,"L","N","IT specialists",8542,9396,1,"Yes",17,1,0,7,"N",3,9,5,1,7,39
33,"Travel_Rarely","Sales",13,4,2,"Male",3,2,4,"L","Y","Sales Executive",5487,10410,8,"No",14,2,0,10,"Y",2,10,4,0,9,67
46,"Travel_Rarely","Research & Development",17,4,4,"Female",2,2,2,"H","N","Research and Design Specialists",4615,21029,5,"Yes",23,1,3,19,"N",3,16,13,1,7,44
42,"Travel_Frequently","Research & Development",22,2,1,"Female",3,2,2,"H","N","Research and Design Specialists",4556,12932,2,"No",11,2,1,19,"Y",3,5,4,0,2,54
34,"Travel_Rarely","Research & Development",24,1,2,"Male",3,1,1,"L","Y","Research and Design Specialists",2960,17102,2,"No",11,3,0,8,"N",3,4,2,1,3,31
48,"Travel_Rarely","Production",24,2,4,"Male",4,1,2,"L","N","Machinists ",2559,16620,4,"No",11,3,0,7,"Y",2,1,0,0,0,62
23,"Travel_Rarely","Research & Development",2,3,1,"Male",4,1,1,"L","N","Research and Design Specialists",2819,8544,2,"No",16,1,1,5,"N",4,3,2,0,2,37
34,"Travel_Rarely","Sales",16,3,3,"Female",3,1,2,"L","N","Sales Representative",2579,2912,9,"Yes",18,4,2,8,"N",3,8,2,0,6,46
50,"Travel_Rarely","Research & Development",4,3,4,"Male",2,3,2,"H","N","Customercare Representative",10496,2755,6,"No",15,4,0,20,"Y",3,4,3,1,3,68
38,"Travel_Rarely","Research & Development",4,2,4,"Female",2,3,4,"L","N","Manufacturing Director",7756,14199,8,"Yes",19,4,1,10,"Y",4,5,4,0,2,65
37,"Travel_Rarely","Finance",25,3,1,"Female",3,3,4,"H","Y","Accountant",9172,10089,8,"Yes",19,4,1,6,"Y",3,6,6,1,6,56
40,"Travel_Rarely","Finance",5,4,1,"Male",3,2,2,"L","Y","Accountant",9039,9943,2,"No",15,3,0,7,"N",3,4,2,2,3,84
31,"Travel_Rarely","Sales",8,3,1,"Male",3,2,2,"L","N","Sales Executive",8346,20943,9,"No",19,3,1,6,"N",3,5,2,0,2,41
36,"Travel_Frequently","Research & Development",14,3,2,"Male",2,2,2,"L","N","Manufacturing Director",6499,22656,1,"No",13,3,0,6,"Y",3,6,5,0,3,31
40,"Travel_Frequently","Research & Development",5,4,4,"Male",3,1,2,"L","Y","Research and Design Specialists",3617,25063,8,"Yes",14,4,1,3,"Y",3,1,1,0,0,61
34,"Travel_Frequently","Research & Development",21,4,4,"Male",3,1,2,"H","N","Research and Design Specialists",2996,20284,4,"No",14,3,2,10,"Y",3,4,3,1,3,73
30,"Travel_Rarely","Sales",25,3,2,"Male",2,2,1,"L","N","Sales Executive",9714,5323,8,"No",11,4,1,10,"N",3,10,8,6,7,32
28,"Travel_Rarely","Research & Development",8,2,1,"Female",1,1,2,"L","N","Research and Design Specialists",2216,3872,3,"Yes",13,4,0,10,"N",3,7,7,3,7,48
29,"Travel_Rarely","Production",5,3,4,"Male",3,1,4,"L","Y","Machinists ",2062,19384,2,"No",14,2,0,11,"Y",3,3,2,1,2,65
45,"Travel_Frequently","Production",11,3,1,"Male",3,3,2,"H","N","Machinists ",5210,20308,1,"No",18,1,1,24,"Y",3,24,9,9,11,62
36,"Travel_Rarely","Research & Development",5,5,4,"Female",2,3,1,"L","Y","Manufacturing Director",8858,15669,5,"No",11,2,0,15,"Y",2,14,8,7,8,51
24,"Travel_Frequently","Sales",16,3,4,"Male",3,1,2,"L","N","Sales Representative",2400,5530,3,"No",13,3,2,3,"N",3,2,2,2,1,44
28,"Travel_Frequently","Production",8,3,1,"Male",2,1,2,"L","N","Machinists ",2596,7160,1,"No",15,1,2,1,"N",3,1,0,0,0,45
27,"Travel_Rarely","Research & Development",15,3,4,"Female",3,1,2,"H","N","Research and Design Specialists",2279,11781,1,"No",16,4,0,7,"Y",2,7,7,0,3,59
48,"Travel_Rarely","Finance",6,4,1,"Male",3,2,1,"L","N","Accountant",9157,10073,5,"No",20,3,1,6,"N",2,3,2,3,3,26
50,"Travel_Rarely","Production",15,3,3,"Male",2,1,2,"H","N","Machinists ",3690,3425,2,"No",15,4,1,5,"Y",2,3,2,0,2,60
38,"Travel_Rarely","Sales",5,3,2,"Female",3,2,2,"H","N","Sales Executive",4198,16379,3,"No",12,2,0,8,"Y",4,3,2,1,2,57
39,"Travel_Rarely","Human Resources",9,3,3,"Female",4,2,2,"H","N","Human Resources",6389,18767,9,"No",15,3,1,12,"Y",1,8,3,3,6,59
35,"Travel_Rarely","Production",2,3,1,"Female",3,1,1,"H","N","Machinists ",2074,26619,4,"Yes",12,4,1,1,"N",3,1,0,0,0,28
22,"Travel_Rarely","Research & Development",15,1,4,"Male",3,1,2,"L","Y","Research and Design Specialists",2472,26092,8,"Yes",23,1,0,1,"Y",3,1,0,0,0,54
39,"Travel_Rarely","Sales",21,3,4,"Male",3,2,1,"L","N","Sales Representative",2086,3335,3,"No",14,3,1,19,"N",4,1,0,0,0,40
34,"Travel_Frequently","Human Resources",9,3,3,"Male",2,2,2,"H","N","Human Resources",4490,21833,7,"No",11,4,2,14,"Y",4,10,9,1,8,59
41,"Travel_Rarely","Research & Development",15,2,2,"Female",4,1,4,"L","Y","Research and Design Specialists",3376,18863,1,"No",13,3,0,10,"Y",3,10,6,0,8,82
43,"Travel_Rarely","Human Resources",18,3,2,"Male",3,1,2,"L","N","Human Resources",3539,5033,5,"No",13,2,0,10,"Y",3,9,7,1,8,85
31,"Travel_Frequently","Sales",17,4,4,"Male",3,2,2,"L","Y","Sales Executive",5332,21602,1,"No",13,4,0,10,"Y",3,5,2,0,3,73
35,"Travel_Rarely","Finance",16,4,2,"Male",2,3,2,"L","Y","Accountant",9662,10628,2,"Yes",19,2,0,7,"Y",1,9,6,3,5,73
42,"Travel_Rarely","Production",10,3,4,"Male",3,1,2,"L","Y","Machinists ",3968,13624,4,"No",13,4,0,8,"Y",3,0,0,0,0,78
47,"Travel_Rarely","Finance",18,3,1,"Male",2,3,1,"L","Y","Accountant",9554,10509,2,"No",15,2,0,5,"Y",3,9,7,2,4,85
32,"Non-Travel","Sales",24,1,3,"Female",3,1,2,"H","N","Sales Representative",2827,14947,1,"No",12,3,3,1,"N",3,1,0,0,0,49
29,"Travel_Rarely","Production",13,3,1,"Male",2,3,4,"L","N","Production Supervisors",5929,6522,8,"No",15,1,1,6,"Y",1,4,7,1,3,30
29,"Travel_Rarely","IT_Suppport",8,3,2,"Female",3,5,2,"L","Y","IT specialists",9224,10146,4,"No",17,1,1,7,"Y",2,8,2,1,4,78
36,"Travel_Rarely","Production",18,4,1,"Male",2,2,2,"L","Y","Machinists ",5810,22604,6,"No",16,3,0,10,"Y",2,10,4,1,8,54
23,"Travel_Rarely","Sales",24,3,3,"Male",3,1,2,"L","Y","Sales Representative",2275,25103,8,"Yes",21,2,1,3,"N",3,3,2,0,2,44
55,"Non-Travel","Research & Development",17,1,4,"Male",2,4,2,"L","Y","Customercare Representative",13577,25592,6,"Yes",15,4,1,34,"Y",3,33,9,15,0,61
30,"Travel_Rarely","Production",20,3,4,"Male",1,1,2,"H","Y","Machinists ",3833,24375,6,"No",21,3,2,7,"Y",3,2,2,0,2,73
32,"Travel_Rarely","Research & Development",17,3,4,"Male",3,2,4,"L","N","Research and Design Specialists",5470,25518,9,"No",13,3,2,10,"Y",2,9,5,1,6,67
42,"Travel_Rarely","Research & Development",5,3,2,"Male",4,2,4,"L","Y","Customercare Representative",5538,5696,4,"No",18,3,2,10,"Y",2,0,0,0,0,67
30,"Travel_Rarely","Research & Development",3,3,1,"Female",3,1,2,"L","N","Research and Design Specialists",2132,11539,1,"Yes",11,2,0,7,"N",3,5,2,0,1,43
38,"Travel_Rarely","Sales",14,4,3,"Male",2,3,2,"L","Y","Sales Executive",8740,5569,7,"Yes",14,2,2,9,"Y",3,8,7,2,7,73
34,"Travel_Frequently","Finance",11,3,1,"Female",2,2,2,"H","N","Accountant",8634,9497,3,"No",20,4,1,8,"N",2,4,3,1,7,37
35,"Travel_Rarely","Research & Development",10,3,4,"Female",2,3,2,"L","N","Customercare Representative",8606,21195,7,"No",19,4,0,11,"Y",1,11,8,3,3,60
37,"Travel_Frequently","Sales",21,2,3,"Female",3,1,1,"L","N","Sales Representative",2973,21222,9,"No",15,2,1,10,"N",3,5,4,0,0,38
31,"Travel_Rarely","Research & Development",21,4,3,"Male",2,1,4,"H","N","Research and Design Specialists",2657,7551,0,"Yes",16,4,0,3,"Y",3,2,2,2,2,65
52,"Travel_Rarely","Production",4,3,3,"Female",2,1,2,"H","N","Machinists ",3212,3300,7,"No",15,2,0,6,"Y",2,2,2,2,2,61
26,"Travel_Rarely","Production",12,3,1,"Male",1,1,1,"L","N","Machinists ",2293,10558,1,"No",12,3,0,1,"N",2,1,0,0,1,48
32,"Travel_Rarely","Research & Development",19,5,3,"Male",3,1,2,"H","Y","Research and Design Specialists",3038,12430,3,"No",20,1,0,8,"Y",3,5,4,1,4,70
50,"Travel_Rarely","Finance",7,3,2,"Male",3,3,2,"L","Y","Accountant",9399,10339,8,"No",19,1,0,7,"N",1,3,5,1,6,61
49,"Non-Travel","Research & Development",24,4,4,"Male",3,2,2,"H","N","Manufacturing Director",6804,23793,1,"Yes",15,1,2,7,"Y",3,7,7,1,7,59
38,"Travel_Rarely","Finance",12,4,2,"Female",3,3,1,"H","Y","Accountant",6998,7698,5,"No",19,2,1,7,"Y",2,2,2,1,5,85
38,"Travel_Rarely","Finance",11,3,2,"Male",3,3,2,"L","N","Accountant",8891,9780,4,"Yes",16,2,0,7,"N",3,6,5,2,3,35
46,"Travel_Rarely","Sales",14,3,3,"Female",2,3,4,"H","N","Sales Executive",9071,11563,2,"Yes",19,3,1,15,"Y",3,3,2,1,2,63
44,"Travel_Rarely","Finance",17,3,2,"Male",3,3,2,"L","Y","Accountant",9012,9913,8,"Yes",18,4,0,7,"N",3,6,6,3,7,60
51,"Travel_Frequently","Research & Development",20,4,1,"Male",1,3,2,"L","Y","Manufacturing Director",10650,25150,2,"No",15,4,0,18,"N",3,4,2,0,3,46
38,"Travel_Rarely","Production",20,3,1,"Male",3,2,1,"L","N","Production Supervisors",6693,7362,9,"No",18,4,0,10,"Y",2,10,4,2,6,40
40,"Non-Travel","Production",18,4,3,"Male",3,2,4,"L","N","Machinists ",3975,23099,3,"No",11,3,2,11,"Y",4,8,7,0,7,65
22,"Travel_Rarely","Production",3,1,2,"Male",1,1,1,"L","Y","Machinists ",2451,6881,4,"No",15,1,1,4,"Y",2,4,3,1,1,58
38,"Travel_Rarely","Sales",3,3,1,"Male",2,1,2,"L","Y","Sales Representative",2858,11473,5,"No",14,1,0,20,"Y",2,1,0,0,0,54
38,"Travel_Rarely","Research & Development",5,3,4,"Male",3,1,2,"L","Y","Research and Design Specialists",3944,4306,5,"Yes",11,3,0,6,"Y",3,3,2,1,2,62
31,"Travel_Rarely","Production",6,2,4,"Male",2,1,2,"H","N","Machinists ",2218,16193,1,"No",12,3,1,4,"Y",3,4,2,3,2,62
32,"Travel_Rarely","IT_Suppport",2,3,1,"Male",4,4,4,"L","N","IT specialists",6861,7547,7,"No",18,4,1,7,"N",3,3,4,2,5,37
54,"Travel_Rarely","Sales",8,3,4,"Female",3,2,2,"H","N","Sales Executive",5940,17011,2,"No",14,4,1,16,"Y",3,6,2,0,5,52
27,"Travel_Rarely","Research & Development",4,2,3,"Female",3,3,3,"H","N","Manufacturing Director",7412,6009,9,"No",11,4,0,9,"Y",3,9,7,0,7,75
21,"Travel_Rarely","Sales",18,1,2,"Male",3,1,2,"L","Y","Sales Representative",2679,4567,8,"No",13,2,0,1,"N",3,1,0,1,0,48
26,"Travel_Rarely","Finance",5,3,2,"Male",2,3,2,"L","N","Accountant",8999,9899,6,"No",20,4,1,10,"N",2,4,2,1,2,42
43,"Travel_Rarely","Research & Development",14,2,2,"Male",3,4,2,"L","N","Research Director",17159,5200,3,"No",24,3,1,22,"N",3,4,1,1,0,41
35,"Travel_Rarely","Sales",3,4,3,"Female",3,2,2,"L","Y","Sales Executive",5204,13586,2,"Yes",11,4,0,10,"Y",3,10,8,0,9,52
40,"Travel_Frequently","Production",14,4,1,"Female",2,4,1,"L","N","Production Supervisors",6377,7015,2,"Yes",18,4,0,6,"N",1,10,7,2,7,39
29,"Travel_Rarely","Human Resources",2,3,1,"Male",2,1,2,"L","N","Human Resources",2335,3157,1,"Yes",15,4,3,4,"N",3,2,2,2,0,24
18,"Non-Travel","Production",14,1,3,"Male",3,1,1,"H","N","Machinists ",1904,13556,8,"No",12,4,0,0,"Y",3,0,0,0,0,55
29,"Travel_Rarely","Finance",16,4,1,"Male",2,2,2,"L","N","Accountant",8525,9378,3,"No",17,2,1,10,"Y",3,3,6,3,7,25
53,"Travel_Rarely","Finance",12,4,1,"Female",3,2,2,"H","N","Accountant",9933,10926,8,"Yes",18,1,1,10,"N",2,5,5,1,7,46
26,"Travel_Rarely","Sales",12,2,1,"Male",3,2,1,"L","N","Sales Executive",6272,7428,3,"No",20,4,2,6,"N",4,5,3,1,4,31
47,"Non-Travel","Sales",24,4,3,"Male",3,2,2,"L","N","Sales Executive",4978,3536,8,"No",11,4,1,4,"Y",1,1,0,0,0,54
49,"Travel_Rarely","Production",3,4,3,"Female",3,1,2,"L","Y","Machinists ",3211,22102,3,"No",14,4,1,10,"N",2,9,6,1,4,46
25,"Travel_Frequently","Finance",2,4,1,"Male",2,3,3,"H","Y","Accountant",8160,8976,2,"No",19,2,0,7,"Y",3,4,4,1,6,72
51,"Travel_Rarely","Research & Development",16,3,3,"Male",3,1,1,"H","Y","Research and Design Specialists",2723,23231,1,"No",11,2,0,1,"Y",2,1,0,0,0,51
49,"Travel_Rarely","Sales",10,3,3,"Female",3,3,2,"L","N","Sales Executive",7654,5860,9,"No",18,1,2,9,"N",4,9,8,7,7,33
52,"Travel_Rarely","Sales",15,3,2,"Male",3,3,1,"H","Y","Sales Executive",8446,21534,4,"Yes",19,3,0,10,"N",2,8,7,7,7,29
27,"Travel_Rarely","Finance",23,3,1,"Female",2,3,2,"L","Y","Accountant",9847,10832,1,"Yes",18,3,0,9,"Y",1,8,4,3,3,67
26,"Travel_Frequently","Research & Development",13,2,3,"Female",2,1,2,"L","N","Research and Design Specialists",2366,20898,6,"Yes",14,1,1,8,"N",3,8,7,1,7,46
35,"Travel_Rarely","Production",8,3,1,"Male",4,1,1,"L","N","Machinists ",2426,16479,0,"No",13,3,1,6,"N",3,5,4,0,3,39
32,"Travel_Rarely","Sales",22,2,1,"Male",1,2,1,"L","Y","Sales Executive",6735,12147,8,"No",15,2,0,10,"N",3,0,0,0,0,29
28,"Non-Travel","Sales",14,2,2,"Male",2,3,2,"H","Y","Customercare Representative",8722,12355,8,"No",12,1,0,10,"Y",2,10,7,1,9,53
30,"Travel_Frequently","Production",1,2,3,"Female",3,2,2,"H","N","Machinists ",4011,10781,1,"No",23,4,0,12,"Y",3,12,8,3,7,58
42,"Travel_Frequently","Research & Development",22,3,4,"Male",3,3,2,"L","Y","Customercare Representative",10124,18611,7,"Yes",14,3,1,24,"Y",1,20,8,13,9,50
37,"Travel_Rarely","Sales",5,4,3,"Male",3,2,1,"H","N","Sales Executive",6502,22825,4,"No",14,2,1,7,"Y",4,5,4,0,1,56
38,"Travel_Rarely","Sales",10,2,1,"Female",3,2,2,"L","Y","Sales Executive",5343,5982,5,"No",11,3,1,10,"Y",3,10,7,1,9,61
32,"Travel_Rarely","Research & Development",22,2,1,"Male",4,1,3,"H","N","Research and Design Specialists",3298,15053,0,"Yes",12,4,2,7,"Y",2,6,2,0,5,76
53,"Travel_Rarely","Sales",3,2,3,"Male",3,4,4,"H","Y","Manager",14852,13938,3,"No",13,3,1,22,"Y",4,17,13,15,2,97
47,"Travel_Rarely","Sales",7,4,4,"Female",2,1,1,"H","Y","Sales Representative",3294,13137,5,"Yes",18,1,0,3,"Y",2,3,2,1,2,51
34,"Travel_Rarely","Production",12,3,4,"Female",2,1,4,"H","Y","Machinists ",3294,3708,8,"No",17,1,1,7,"Y",2,5,4,0,2,82
59,"Travel_Rarely","Research & Development",20,3,3,"Male",2,1,2,"H","Y","Research and Design Specialists",2177,8456,3,"No",17,1,1,7,"Y",3,1,0,0,0,59
56,"Travel_Frequently","Sales",18,3,3,"Female",4,4,2,"L","N","Sales Executive",13212,18256,9,"No",11,4,3,36,"N",2,7,7,7,7,43
33,"Travel_Rarely","Human Resources",24,3,2,"Male",3,1,2,"L","Y","Human Resources",3600,8429,4,"No",13,4,1,5,"Y",3,5,4,1,4,62
40,"Travel_Rarely","Research & Development",19,3,2,"Female",3,2,2,"L","N","Customercare Representative",4448,10748,6,"No",12,2,1,15,"N",3,7,4,7,7,49
27,"Travel_Frequently","Production",21,2,4,"Female",3,1,1,"L","N","Machinists ",2379,19826,5,"Yes",14,3,0,6,"N",2,5,4,0,2,32
36,"Travel_Rarely","Finance",5,4,1,"Male",3,3,1,"L","Y","Accountant",8424,9266,7,"No",18,2,0,5,"N",1,4,2,1,6,73
18,"Travel_Frequently","Sales",9,3,2,"Male",3,1,1,"L","N","Sales Representative",1878,8059,1,"Yes",14,4,0,0,"N",3,0,0,0,0,39
43,"Travel_Frequently","Research & Development",7,3,4,"Female",3,2,4,"L","Y","Customercare Representative",5562,21782,7,"No",13,2,1,12,"Y",2,5,2,2,2,67
36,"Travel_Frequently","Research & Development",21,3,3,"Male",3,1,1,"L","N","Research and Design Specialists",3692,9256,3,"No",12,3,0,12,"N",2,11,10,0,7,47
26,"Non-Travel","Sales",21,2,2,"Male",1,2,1,"H","N","Sales Executive",4969,21813,1,"No",18,4,0,7,"N",3,2,2,2,2,47
54,"Travel_Rarely","Research & Development",11,3,4,"Female",3,4,4,"L","N","Research Director",17328,5652,9,"No",19,4,0,29,"Y",2,20,7,12,7,74
31,"Travel_Rarely","Research & Development",2,4,3,"Female",3,3,2,"H","Y","Manufacturing Director",7143,25713,1,"Yes",14,3,0,11,"Y",2,11,9,4,10,60
44,"Travel_Rarely","Finance",20,4,1,"Male",3,3,1,"L","N","Accountant",8928,9821,7,"Yes",17,2,0,6,"Y",1,4,6,2,7,34
41,"Non-Travel","Sales",13,2,4,"Male",3,2,2,"H","N","Sales Executive",6230,13430,7,"No",14,4,0,16,"Y",3,14,3,1,10,66
49,"Travel_Rarely","Sales",21,4,4,"Female",3,2,1,"L","N","Sales Executive",4507,8191,2,"No",12,3,0,8,"N",4,5,1,0,4,38
49,"Travel_Rarely","Research & Development",2,4,1,"Male",3,2,4,"L","Y","Customercare Representative",6651,21534,3,"No",14,2,1,20,"Y",2,3,2,1,2,74
37,"Travel_Rarely","Research & Development",24,3,2,"Female",3,3,2,"H","N","Manufacturing Director",7491,23848,4,"No",17,4,0,12,"Y",4,6,5,1,2,78
37,"Travel_Rarely","Sales",15,4,1,"Male",2,3,1,"H","Y","Sales Executive",10609,14922,4,"No",11,3,0,17,"Y",1,14,1,11,7,51
45,"Travel_Rarely","Sales",18,2,3,"Female",3,2,4,"H","N","Sales Executive",5006,6319,4,"Yes",11,1,1,9,"Y",4,5,4,0,3,69
37,"Travel_Rarely","Research & Development",22,3,2,"Male",4,1,2,"L","Y","Research and Design Specialists",3564,22977,1,"Yes",12,1,1,8,"N",2,8,7,1,7,43
32,"Travel_Rarely","Sales",7,4,2,"Male",3,2,3,"H","Y","Sales Executive",4403,9250,3,"No",11,3,1,8,"Y",2,5,2,0,3,81
36,"Non-Travel","Research & Development",7,4,1,"Male",3,2,2,"H","Y","Manufacturing Director",7779,23238,4,"No",20,1,0,18,"Y",3,11,9,0,9,59
51,"Travel_Rarely","Finance",4,3,2,"Male",3,1,1,"H","Y","IT specialists",8160,8976,3,"No",19,4,0,9,"Y",3,5,6,1,2,76
32,"Non-Travel","Production",10,3,3,"Female",2,1,1,"H","N","Machinists ",2332,3974,6,"No",20,3,0,5,"N",3,3,0,0,2,39
35,"Non-Travel","Research & Development",15,4,3,"Female",3,2,2,"L","N","Customercare Representative",4148,12250,5,"No",12,4,1,15,"Y",3,14,11,2,9,77
30,"Travel_Rarely","Sales",1,3,4,"Female",2,2,2,"H","N","Sales Executive",6118,5431,1,"No",13,3,3,10,"Y",3,10,9,1,2,54
26,"Travel_Rarely","Production",8,4,1,"Male",3,1,1,"L","N","Machinists ",2373,14180,2,"Yes",13,4,1,5,"N",3,3,2,0,2,27
58,"Non-Travel","Sales",25,3,2,"Male",3,4,2,"L","Y","Manager",16291,22577,1,"No",22,4,1,37,"Y",2,16,9,14,14,57
43,"Travel_Frequently","Production",11,5,4,"Male",3,2,4,"H","N","Machinists ",5679,19627,6,"Yes",13,2,1,10,"Y",3,8,7,4,7,65
23,"Travel_Rarely","Production",2,2,4,"Male",3,1,2,"L","Y","Machinists ",2647,13672,9,"No",13,3,0,5,"Y",4,5,2,1,4,62
32,"Travel_Rarely","Sales",23,1,3,"Male",3,2,4,"H","Y","Sales Executive",4078,20497,7,"Yes",13,1,3,4,"Y",2,3,2,1,2,79
54,"Travel_Rarely","Research & Development",23,4,4,"Female",3,2,2,"L","Y","Research and Design Specialists",6854,15696,1,"No",15,2,1,14,"Y",2,7,1,1,7,70
36,"Travel_Rarely","Research & Development",4,3,3,"Female",3,2,2,"H","Y","Manufacturing Director",5228,23361,8,"No",15,1,1,10,"Y",3,9,7,0,5,60
34,"Travel_Rarely","Research & Development",10,4,3,"Female",2,2,2,"H","N","Research and Design Specialists",4505,15000,6,"No",15,3,1,12,"N",3,1,0,0,0,65
38,"Travel_Frequently","Production",18,3,4,"Female",2,1,4,"L","Y","Machinists ",2440,23826,4,"No",22,2,0,4,"Y",3,4,3,3,3,65
33,"Travel_Frequently","Sales",2,3,4,"Male",3,2,1,"L","N","Sales Executive",4373,17456,7,"No",14,1,2,5,"N",3,4,3,0,3,47
41,"Travel_Rarely","Production",17,4,3,"Male",3,1,2,"L","Y","Machinists ",2289,20520,5,"No",20,2,2,5,"Y",3,5,3,0,4,68
38,"Non-Travel","Sales",17,3,3,"Female",3,2,4,"L","Y","Sales Executive",5666,19899,9,"Yes",13,2,0,6,"Y",3,5,3,1,3,63
30,"Travel_Frequently","Research & Development",22,3,3,"Male",3,1,1,"L","N","Research and Design Specialists",2285,3427,9,"Yes",23,3,0,3,"N",3,1,0,0,0,26
42,"Non-Travel","Research & Development",19,4,3,"Male",3,1,1,"L","N","Research and Design Specialists",2936,6161,2,"No",22,2,2,10,"Y",2,6,3,3,3,58
40,"Travel_Frequently","Sales",17,4,2,"Male",3,2,4,"H","N","Sales Executive",4327,25440,1,"No",12,4,3,5,"Y",3,0,0,0,0,64
33,"Travel_Frequently","Sales",6,3,2,"Male",2,2,4,"H","N","Sales Executive",4682,4317,3,"No",14,3,0,9,"Y",2,7,7,0,1,67
28,"Travel_Rarely","Research & Development",8,1,3,"Male",1,2,1,"L","N","Manufacturing Director",6549,3173,3,"No",14,2,2,8,"N",2,8,6,1,7,39
29,"Travel_Rarely","Research & Development",23,3,4,"Female",2,4,2,"L","Y","Research Director",16124,3423,2,"No",14,2,2,9,"Y",2,7,7,1,7,62
31,"Travel_Rarely","Production",1,4,4,"Male",3,2,1,"L","Y","Machinists ",5915,9528,3,"No",22,4,1,10,"Y",2,7,7,1,7,33
55,"Travel_Rarely","Production",11,2,2,"Male",3,2,2,"L","N","Machinists ",5415,15972,3,"Yes",19,4,1,12,"N",3,10,7,0,8,42
34,"Travel_Rarely","Research & Development",11,5,2,"Male",3,1,4,"H","N","Research and Design Specialists",2691,7660,2,"No",12,4,1,10,"Y",2,10,9,8,8,67
32,"Travel_Rarely","Production",9,3,1,"Female",3,1,1,"H","N","Machinists ",4200,10224,7,"No",22,1,0,10,"Y",4,5,4,0,4,51
35,"Travel_Rarely","Sales",22,4,3,"Male",3,2,2,"L","N","Sales Executive",8966,21026,9,"Yes",15,4,3,15,"Y",3,7,7,1,7,57
30,"Travel_Rarely","Research & Development",7,3,4,"Female",3,1,2,"L","Y","Research and Design Specialists",3204,10415,5,"No",14,4,1,8,"N",3,3,2,2,2,46
46,"Travel_Rarely","Sales",2,2,4,"Female",2,5,2,"H","N","Manager",18789,9946,3,"No",14,3,1,26,"N",3,11,4,0,8,46
50,"Travel_Frequently","Sales",15,4,4,"Male",3,2,2,"L","N","Sales Executive",4728,17251,7,"Yes",14,4,0,5,"N",3,0,0,0,0,44
24,"Travel_Rarely","Research & Development",6,3,3,"Male",4,1,2,"L","N","Research and Design Specialists",4401,17616,1,"No",16,4,1,5,"N",3,5,3,0,4,36
27,"Travel_Frequently","Human Resources",9,3,1,"Female",2,1,1,"L","N","Human Resources",2863,19555,3,"No",12,1,0,1,"N",3,1,0,0,0,23
37,"Travel_Rarely","Research & Development",14,2,1,"Female",1,2,2,"H","N","Customercare Representative",4777,14382,4,"No",15,1,0,15,"N",1,1,0,0,0,7
48,"Travel_Frequently","Sales",15,2,4,"Female",3,1,1,"L","N","Sales Representative",2655,11740,6,"Yes",11,3,2,19,"N",3,9,7,7,7,40
35,"Travel_Frequently","Sales",25,2,4,"Male",3,2,4,"H","Y","Sales Executive",4968,18500,2,"No",11,4,1,5,"Y",3,5,2,0,2,69
30,"Travel_Rarely","Human Resources",15,3,3,"Male",3,1,2,"H","Y","Human Resources",2064,15428,2,"No",21,1,1,6,"Y",4,5,3,1,3,59
29,"Travel_Rarely","Research & Development",19,3,1,"Female",3,1,3,"L","Y","Research and Design Specialists",3760,5598,4,"No",15,1,3,3,"Y",3,3,2,1,2,75
30,"Travel_Rarely","Research & Development",11,1,2,"Male",3,1,2,"L","N","Research and Design Specialists",2862,3811,6,"No",12,2,1,10,"Y",2,10,0,0,8,50
50,"Travel_Rarely","Sales",14,3,3,"Male",3,5,3,"L","N","Manager",19331,19519,5,"Yes",16,3,1,27,"Y",3,1,0,0,0,71
39,"Non-Travel","Sales",2,4,1,"Female",1,2,2,"L","N","Sales Executive",5736,3987,5,"No",19,3,1,10,"N",3,3,2,1,2,43
59,"Travel_Rarely","Human Resources",7,2,2,"Male",3,1,4,"H","N","Human Resources",2267,25657,8,"No",17,4,0,7,"Y",2,2,2,2,2,67
28,"Travel_Rarely","Finance",3,3,2,"Male",2,3,2,"L","N","Accountant",9954,10949,8,"No",18,4,1,9,"Y",3,4,3,2,7,42
47,"Travel_Frequently","Sales",11,2,2,"Female",4,2,1,"L","N","Sales Executive",6397,10339,8,"Yes",12,4,0,8,"N",3,5,4,1,3,26
30,"Travel_Rarely","Sales",4,4,4,"Female",3,2,2,"L","Y","Sales Executive",4779,12761,7,"No",14,2,2,8,"Y",3,3,2,0,2,70
49,"Travel_Rarely","Research & Development",14,2,1,"Male",2,5,2,"L","Y","Manager",18711,12124,6,"No",13,3,1,23,"Y",4,1,0,0,0,66
54,"Travel_Rarely","Research & Development",1,4,1,"Female",3,3,2,"H","N","Research Director",13549,24001,9,"No",12,1,1,16,"Y",1,4,3,0,3,61
46,"Travel_Rarely","Sales",23,4,4,"Male",4,4,2,"L","Y","Manager",17567,3156,3,"No",15,2,0,27,"Y",1,26,0,0,12,70
25,"Travel_Rarely","Research & Development",11,1,4,"Male",2,1,2,"L","N","Research and Design Specialists",2889,26897,1,"No",11,3,2,2,"N",3,2,2,2,1,43
41,"Travel_Rarely","Research & Development",1,3,1,"Male",3,1,2,"L","N","Research and Design Specialists",2451,4609,4,"No",12,1,1,13,"N",3,9,8,1,8,43
24,"Non-Travel","Production",9,3,3,"Male",2,1,2,"H","Y","Machinists ",2694,26551,5,"No",11,3,3,1,"Y",3,1,0,0,0,54
35,"Travel_Rarely","Sales",13,3,4,"Female",3,1,1,"L","N","Sales Representative",2014,9687,1,"No",13,1,0,2,"Y",3,2,2,2,2,31
23,"Travel_Rarely","Production",13,1,3,"Female",3,1,2,"L","N","Machinists ",3295,12862,9,"No",13,3,0,3,"Y",1,3,2,1,2,54
37,"Travel_Rarely","Research & Development",17,3,3,"Male",4,2,4,"H","N","Research and Design Specialists",5974,17001,4,"Yes",13,1,2,13,"Y",3,7,7,6,7,67
20,"Travel_Rarely","Sales",10,3,3,"Female",3,1,4,"L","N","Sales Representative",2783,13251,8,"No",19,1,0,2,"Y",3,2,2,2,2,79
43,"Travel_Rarely","Research & Development",23,3,3,"Female",3,3,2,"H","N","Customercare Representative",9985,9262,8,"No",16,1,1,10,"Y",2,1,0,0,0,59
56,"Travel_Rarely","Human Resources",10,4,4,"Male",3,5,2,"H","N","Manager",19717,4022,8,"No",14,1,0,36,"Y",3,7,3,7,7,62
39,"Travel_Rarely","Research & Development",11,1,1,"Male",3,2,2,"L","N","Research and Design Specialists",4108,5340,1,"No",13,1,0,18,"Y",3,7,7,1,7,50
41,"Travel_Rarely","Production",12,4,2,"Male",3,1,2,"H","N","Machinists ",4766,9051,4,"Yes",11,1,1,6,"N",3,1,0,0,0,49
37,"Non-Travel","Research & Development",12,2,3,"Male",2,2,4,"L","N","Customercare Representative",5163,15850,5,"No",14,4,1,17,"Y",4,1,0,0,0,42
39,"Travel_Frequently","Research & Development",10,2,3,"Male",2,5,4,"H","N","Manager",19272,21141,1,"No",15,1,1,21,"Y",3,21,9,13,3,64
34,"Travel_Frequently","Research & Development",22,2,4,"Male",3,2,2,"L","Y","Manufacturing Director",4033,15834,8,"No",11,4,0,5,"Y",2,3,2,0,2,60
40,"Travel_Rarely","Sales",12,3,2,"Female",2,2,1,"H","N","Sales Executive",6852,11591,1,"No",12,2,1,7,"N",4,5,1,1,3,39
35,"Travel_Rarely","Sales",3,3,4,"Male",3,3,1,"L","N","Sales Executive",9582,10333,3,"Yes",22,1,0,9,"N",3,8,7,4,7,39
31,"Travel_Frequently","Sales",12,3,3,"Female",2,1,2,"L","N","Customercare Representative",2785,11882,1,"No",14,3,0,3,"N",4,1,0,0,0,49
35,"Travel_Rarely","Production",3,3,4,"Male",1,1,1,"H","N","Machinists ",4230,19225,0,"No",15,3,0,6,"Y",3,5,4,4,3,55
34,"Travel_Frequently","Production",14,4,1,"Female",2,1,1,"L","N","Production Supervisors",6739,7413,8,"No",20,4,1,10,"Y",1,6,4,1,5,33
24,"Travel_Rarely","Sales",22,2,1,"Female",3,2,1,"H","N","Sales Executive",4577,24785,7,"No",14,1,0,4,"Y",3,2,2,2,0,55
27,"Travel_Rarely","Production",19,1,2,"Male",3,1,4,"H","N","Machinists ",2099,7679,8,"No",14,2,0,6,"Y",4,5,0,1,4,65
34,"Travel_Rarely","Sales",4,4,4,"Male",3,3,2,"L","N","Sales Executive",8628,22914,7,"No",18,3,1,9,"N",2,8,7,1,1,48
43,"Travel_Rarely","Sales",9,3,4,"Female",3,4,1,"L","N","Manager",16064,7744,5,"Yes",22,3,1,22,"N",3,17,13,1,9,34
31,"Travel_Rarely","Research & Development",25,3,1,"Female",2,1,2,"H","Y","Research and Design Specialists",1261,22262,7,"No",12,3,0,1,"N",4,1,0,0,0,42
33,"Travel_Frequently","Research & Development",25,4,4,"Female",3,1,2,"H","Y","Research and Design Specialists",2909,23159,1,"Yes",11,3,0,8,"Y",3,8,7,3,0,52
33,"Travel_Rarely","Production",16,3,2,"Male",4,1,1,"L","Y","Machinists ",2028,13637,2,"No",18,4,3,14,"Y",3,14,11,2,13,56
44,"Travel_Rarely","Research & Development",3,3,4,"Male",3,2,4,"H","Y","Customercare Representative",5933,5197,3,"No",12,4,0,10,"Y",2,5,2,2,3,64
40,"Travel_Rarely","Production",9,4,4,"Male",3,1,2,"L","N","Machinists ",2018,21831,7,"No",14,2,0,15,"N",1,5,4,1,0,17
44,"Non-Travel","Production",24,3,1,"Male",1,1,2,"L","N","Machinists ",3708,2104,2,"No",14,3,0,9,"N",3,5,2,1,4,44
43,"Travel_Frequently","Research & Development",23,3,3,"Female",3,3,1,"L","N","Manufacturing Director",10820,11535,9,"No",11,3,1,18,"N",3,8,7,0,1,38
55,"Travel_Rarely","Research & Development",5,3,1,"Male",2,1,2,"L","N","Research and Design Specialists",3537,23737,3,"No",12,4,1,8,"N",3,4,2,1,2,44
42,"Travel_Rarely","Finance",18,4,1,"Male",2,2,2,"L","N","Accountant",9450,10395,4,"Yes",20,4,0,5,"Y",2,2,5,1,3,33
38,"Travel_Rarely","Sales",16,4,4,"Male",3,2,2,"L","Y","Sales Executive",4440,7636,8,"No",15,1,2,16,"Y",3,15,13,5,8,54
41,"Travel_Rarely","Sales",16,3,4,"Male",3,3,3,"L","N","Sales Executive",9241,15869,1,"No",12,2,0,10,"Y",3,10,8,8,7,76
41,"Travel_Rarely","Sales",9,3,4,"Female",3,3,4,"H","N","Manager",13591,14674,3,"Yes",18,3,0,16,"Y",3,1,0,0,0,74
31,"Travel_Rarely","Research & Development",8,4,3,"Male",3,1,3,"H","N","Research and Design Specialists",2695,7747,0,"Yes",18,2,1,3,"Y",1,2,2,2,2,75
47,"Travel_Rarely","Finance",19,4,1,"Male",3,3,1,"L","N","Accountant",9335,10269,6,"No",17,2,1,10,"N",1,7,2,3,6,35
28,"Travel_Rarely","Finance",4,4,1,"Male",3,3,2,"L","N","Accountant",8959,9855,9,"Yes",17,4,0,7,"Y",1,3,2,3,3,44
24,"Non-Travel","Production",22,2,1,"Female",4,2,1,"H","N","Manufacturing Director",4011,8232,0,"No",18,4,1,5,"Y",2,4,2,1,3,58
27,"Travel_Rarely","Research & Development",12,3,2,"Female",3,1,4,"L","Y","Research and Design Specialists",2318,17808,4,"No",19,3,0,1,"Y",3,1,1,0,0,64
44,"Travel_Rarely","Research & Development",18,4,4,"Male",3,5,1,"L","N","Manager",19513,9358,2,"Yes",12,1,1,26,"N",4,2,2,0,1,39
41,"Travel_Rarely","Finance",15,3,2,"Male",3,2,2,"H","Y","Accountant",8352,9187,7,"Yes",19,3,0,8,"Y",3,8,3,2,5,55
40,"Travel_Rarely","Sales",13,4,3,"Female",3,5,2,"H","N","Manager",18041,13022,0,"No",14,4,0,21,"Y",3,20,15,1,12,57
32,"Travel_Frequently","Research & Development",22,1,2,"Female",1,1,1,"L","N","Research and Design Specialists",3919,4681,1,"Yes",22,2,0,10,"N",3,10,2,6,7,34
35,"Travel_Rarely","Sales",19,4,4,"Male",3,3,3,"L","Y","Sales Executive",7823,6812,4,"No",13,2,1,12,"Y",3,10,9,0,8,81
25,"Travel_Rarely","Sales",25,3,3,"Male",2,2,2,"H","N","Sales Executive",5744,26959,1,"Yes",11,4,0,6,"N",3,6,4,0,3,69
30,"Non-Travel","Production",14,3,3,"Male",3,1,2,"H","N","Machinists ",2097,16734,4,"No",15,3,1,9,"Y",1,5,3,1,4,60
44,"Travel_Rarely","Research & Development",11,3,4,"Male",3,4,2,"H","N","Research Director",16328,22074,3,"No",13,3,1,24,"N",4,20,6,14,17,45
24,"Travel_Rarely","Human Resources",3,1,4,"Male",1,1,2,"L","N","Human Resources",1555,11585,6,"No",11,3,1,1,"N",3,1,0,0,0,12
35,"Travel_Frequently","Sales",2,3,3,"Female",3,3,3,"H","Y","Sales Executive",8789,9096,1,"No",14,1,0,10,"Y",4,10,7,0,8,81
44,"Travel_Rarely","Finance",15,3,1,"Female",2,3,1,"L","Y","Accountant",8160,8976,9,"Yes",19,3,1,5,"N",3,3,2,1,2,68
36,"Non-Travel","Sales",10,5,4,"Female",3,2,1,"H","N","Sales Executive",6653,15276,4,"No",15,2,0,7,"Y",3,1,0,0,0,51
48,"Travel_Rarely","Research & Development",1,4,4,"Female",2,4,1,"L","N","Manager",15402,17997,1,"No",11,1,1,21,"N",1,3,2,0,2,38
44,"Travel_Frequently","Sales",19,5,1,"Female",3,2,1,"H","Y","Sales Executive",4768,9282,2,"No",12,3,1,11,"Y",2,1,0,0,0,51
26,"Travel_Rarely","Sales",23,3,4,"Male",2,2,2,"L","N","Sales Executive",5326,3064,5,"No",17,3,0,6,"N",2,4,3,1,2,41
29,"Travel_Rarely","Production",5,1,2,"Male",3,1,1,"H","Y","Machinists ",4723,16213,9,"Yes",18,4,0,10,"Y",3,10,9,1,5,58
22,"Travel_Rarely","Research & Development",16,1,2,"Female",3,2,1,"H","N","Manufacturing Director",4171,10022,6,"Yes",19,1,1,4,"N",4,3,2,0,2,26
52,"Travel_Rarely","Research & Development",18,4,3,"Male",2,2,2,"L","N","Research and Design Specialists",4941,17747,2,"No",15,1,0,11,"N",2,8,2,7,7,43
44,"Travel_Frequently","Human Resources",24,5,1,"Male",3,2,4,"L","Y","Human Resources",5743,10503,2,"Yes",11,3,0,14,"Y",3,10,7,0,2,82
40,"Travel_Frequently","Research & Development",18,2,3,"Female",2,2,2,"L","Y","Research and Design Specialists",4422,21203,7,"Yes",13,4,1,16,"Y",1,1,1,0,0,59
50,"Travel_Rarely","Finance",24,3,1,"Female",2,3,1,"L","Y","Accountant",8389,9228,4,"Yes",18,1,1,9,"N",2,8,3,3,2,53
40,"Travel_Rarely","Research & Development",23,3,3,"Male",2,5,2,"H","Y","Research Director",19626,17544,6,"No",14,1,0,21,"Y",4,20,7,4,9,59
33,"Travel_Rarely","Sales",17,4,4,"Male",3,2,2,"L","N","Sales Executive",5505,3921,9,"No",14,3,2,6,"Y",3,6,2,0,4,60
55,"Travel_Frequently","Production",25,3,1,"Male",3,1,3,"L","N","Production Supervisors",6247,7496,4,"No",19,2,0,5,"Y",3,2,4,1,3,37
36,"Travel_Rarely","Research & Development",1,3,3,"Female",3,3,2,"L","N","Customercare Representative",10096,8202,1,"No",13,2,3,17,"Y",3,17,14,12,8,45
31,"Travel_Frequently","Research & Development",7,4,2,"Male",3,3,2,"H","N","Research Director",13675,13523,9,"No",12,1,1,9,"Y",3,2,2,2,2,68
29,"Travel_Rarely","Research & Development",22,4,2,"Male",2,3,2,"H","N","Research Director",11935,21526,1,"No",18,3,0,10,"Y",3,10,2,0,7,70
55,"Travel_Rarely","Sales",9,3,1,"Male",4,2,3,"L","Y","IT specialists",6996,7696,9,"Yes",19,3,1,10,"Y",3,5,4,1,5,84
26,"Travel_Rarely","Sales",3,3,4,"Female",2,1,2,"L","Y","Sales Representative",2966,21378,4,"No",18,4,0,5,"Y",3,4,2,0,0,92
42,"Travel_Rarely","IT_Suppport",2,3,2,"Male",2,3,1,"L","N","IT specialists",5319,5851,5,"Yes",18,3,0,9,"N",3,3,5,2,2,28
59,"Travel_Rarely","Sales",13,2,2,"Male",3,3,2,"L","Y","Manager",11904,11038,9,"Yes",14,3,1,14,"Y",1,6,4,0,4,66
56,"Travel_Rarely","Research & Development",14,3,4,"Male",3,4,2,"H","Y","Manufacturing Director",13402,18235,3,"Yes",12,1,1,33,"N",3,19,16,15,9,33
38,"Travel_Rarely","Research & Development",1,3,4,"Female",3,3,2,"H","Y","Research Director",13582,16292,2,"No",13,2,1,15,"Y",3,15,12,5,11,59
41,"Travel_Rarely","Research & Development",14,3,4,"Male",3,1,2,"L","Y","Research and Design Specialists",2782,21412,7,"No",22,1,1,12,"Y",3,5,3,1,0,57
50,"Travel_Rarely","Sales",20,4,4,"Female",3,5,2,"L","N","Manager",19517,24118,3,"No",11,3,1,32,"N",2,7,0,0,6,45
38,"Travel_Rarely","Research & Development",1,4,4,"Male",3,2,1,"H","N","Customercare Representative",5745,18899,9,"No",14,2,1,10,"Y",3,2,2,1,2,55
27,"Travel_Frequently","Research & Development",18,1,3,"Male",2,2,1,"L","N","Manufacturing Director",4298,9679,5,"No",19,3,1,6,"N",3,2,2,2,0,31
37,"Travel_Rarely","Research & Development",2,3,2,"Female",3,1,2,"L","N","Research and Design Specialists",3936,9953,5,"No",11,1,1,8,"Y",1,8,4,7,7,53
43,"Travel_Rarely","Finance",20,3,2,"Male",3,3,1,"H","Y","Accountant",9872,10859,3,"Yes",18,1,1,9,"Y",3,3,7,3,4,80
28,"Travel_Rarely","Production",14,4,3,"Male",3,1,2,"L","N","Machinists ",3441,11179,1,"Yes",13,3,0,2,"N",2,2,2,2,2,46
30,"Travel_Rarely","Production",7,1,4,"Male",2,2,4,"L","Y","Machinists ",5126,15998,1,"Yes",12,3,2,10,"Y",2,10,8,3,0,36
54,"Travel_Rarely","Sales",23,3,1,"Male",3,2,1,"H","Y","IT specialists",8450,9295,6,"No",20,1,0,7,"Y",1,6,5,2,3,59
47,"Travel_Rarely","Finance",6,4,2,"Male",3,2,2,"L","Y","Accountant",9040,9944,6,"No",20,2,1,10,"N",1,3,5,2,5,65
36,"Travel_Rarely","Sales",9,1,3,"Male",2,3,2,"L","N","Sales Executive",10325,5518,2,"Yes",11,1,1,16,"N",3,16,7,3,7,49
27,"Travel_Rarely","Research & Development",8,3,3,"Female",3,1,4,"L","Y","Research and Design Specialists",3445,6152,5,"No",11,3,0,6,"Y",2,6,2,1,4,79
48,"Travel_Rarely","Sales",23,1,1,"Female",3,3,2,"H","N","Manager",12504,23978,3,"No",21,2,1,15,"Y",1,0,0,0,0,52
34,"Travel_Rarely","Sales",15,3,4,"Male",1,2,4,"H","N","Sales Executive",4759,15891,7,"No",18,4,0,15,"Y",3,13,9,3,12,80
52,"Travel_Rarely","Sales",7,4,1,"Male",2,3,1,"H","Y","IT specialists",10266,11293,3,"No",15,1,1,10,"Y",3,3,2,1,2,70
34,"Travel_Rarely","Research & Development",2,4,3,"Female",2,1,2,"H","Y","Research and Design Specialists",4381,7530,1,"No",11,3,0,6,"Y",3,6,5,1,3,52
35,"Travel_Rarely","Research & Development",10,4,3,"Female",3,3,1,"H","N","Customercare Representative",10388,6975,4,"Yes",11,3,1,16,"N",2,16,10,10,1,39
38,"Travel_Rarely","Production",16,2,3,"Female",3,1,2,"L","N","Machinists ",2288,6319,1,"No",12,3,0,2,"N",3,2,2,2,1,46
37,"Travel_Rarely","Research & Development",11,3,3,"Female",4,3,1,"L","Y","Research Director",13744,15471,7,"Yes",25,1,1,16,"Y",3,16,11,6,8,56
38,"Travel_Frequently","Human Resources",11,4,3,"Male",3,2,4,"L","N","Human Resources",6077,14814,3,"No",11,3,0,10,"Y",3,6,3,1,2,64
43,"Travel_Rarely","Finance",5,3,1,"Male",3,3,1,"L","N","Accountant",8917,9809,6,"No",19,3,0,7,"N",1,2,6,1,2,50
50,"Travel_Rarely","Research & Development",5,3,3,"Male",3,4,2,"L","N","Research Director",17639,6881,8,"No",16,4,0,30,"Y",3,4,3,0,3,50
35,"Travel_Rarely","Sales",25,4,2,"Male",3,2,2,"L","N","Sales Executive",5561,15975,9,"No",16,4,1,6,"N",1,5,3,0,4,45
32,"Non-Travel","Sales",24,4,3,"Male",3,2,2,"L","N","Sales Executive",4465,12069,0,"No",18,1,0,4,"N",3,3,2,2,2,46
33,"Travel_Frequently","Research & Development",18,3,1,"Male",3,1,1,"L","N","Research and Design Specialists",3348,3164,8,"Yes",11,1,0,10,"N",3,10,8,9,7,37
36,"Travel_Rarely","Research & Development",8,4,1,"Male",3,2,2,"L","N","Customercare Representative",5347,7419,7,"No",14,2,2,10,"N",2,3,2,0,2,46
33,"Travel_Rarely","Research & Development",13,4,4,"Male",4,1,2,"L","N","Research and Design Specialists",3143,6076,6,"No",19,2,1,14,"Y",3,10,8,7,6,60
32,"Travel_Frequently","Finance",6,3,1,"Male",2,2,2,"H","Y","Accountant",9798,10778,4,"No",17,2,0,7,"Y",2,4,6,1,2,67
29,"Travel_Rarely","Sales",4,1,4,"Female",2,3,2,"H","N","Sales Executive",7336,11162,6,"No",13,1,1,11,"N",1,11,8,3,10,24
37,"Travel_Rarely","Production",14,3,1,"Female",3,1,4,"H","N","Machinists ",3629,19106,5,"No",18,1,0,8,"Y",3,3,2,0,2,63
51,"Travel_Frequently","Production",24,2,2,"Female",2,1,4,"H","N","Machinists ",2838,4257,4,"No",14,2,0,8,"Y",2,7,0,7,7,79
33,"Travel_Rarely","Production",12,4,1,"Female",2,1,2,"L","N","Machinists ",3838,8192,8,"No",11,4,0,8,"Y",3,5,4,0,2,54
50,"Travel_Rarely","Finance",19,3,1,"Male",3,2,1,"L","Y","Accountant",9101,10011,5,"Yes",20,4,1,7,"Y",2,5,5,2,6,77
33,"Non-Travel","Sales",12,3,3,"Female",3,2,2,"L","N","Sales Executive",5368,16130,8,"Yes",25,3,1,7,"Y",3,6,5,1,2,50
45,"Non-Travel","Production",3,2,4,"Male",3,2,2,"H","N","Machinists ",3633,14039,5,"Yes",15,3,1,9,"N",3,9,8,0,8,46
38,"Travel_Rarely","Research & Development",8,3,3,"Male",3,2,2,"L","N","Manufacturing Director",4855,7653,5,"No",11,1,2,7,"Y",3,5,2,1,4,54
35,"Non-Travel","Production",17,3,3,"Male",2,1,2,"H","N","Machinists ",1281,16900,6,"No",18,3,2,1,"Y",3,1,0,0,0,73
25,"Travel_Rarely","Production",22,1,4,"Male",3,1,1,"H","Y","Machinists ",3669,9075,5,"No",11,3,3,7,"N",2,3,2,1,2,35
50,"Travel_Frequently","Research & Development",25,5,3,"Male",1,4,2,"L","N","Research Director",14411,24450,1,"Yes",13,4,0,32,"Y",3,32,6,13,9,54
40,"Travel_Rarely","Sales",3,4,4,"Male",2,3,2,"H","Y","Sales Executive",9094,17235,8,"Yes",12,3,0,9,"N",3,5,4,1,0,25
41,"Travel_Rarely","Sales",7,2,4,"Male",3,3,2,"L","N","Sales Executive",7082,11591,9,"Yes",16,4,0,21,"N",3,2,0,0,2,41
20,"Travel_Rarely","Production",15,3,1,"Male",3,1,2,"L","N","Machinists ",2973,13008,8,"No",19,2,0,1,"N",3,1,0,0,0,44
40,"Travel_Rarely","Research & Development",6,3,1,"Female",2,3,2,"L","Y","Manufacturing Director",10435,25800,5,"No",13,4,2,18,"Y",3,18,15,14,12,50
29,"Non-Travel","Sales",6,3,4,"Male",3,2,3,"H","N","Sales Executive",4649,16928,1,"No",14,1,1,4,"Y",2,4,3,0,2,81
48,"Travel_Frequently","Research & Development",7,3,4,"Female",3,4,1,"L","N","Manager",17174,2437,8,"No",11,2,1,24,"N",3,22,17,4,7,34
31,"Travel_Rarely","Sales",7,4,1,"Male",3,3,2,"L","N","Sales Executive",8161,19002,5,"No",13,1,3,10,"Y",3,1,0,0,0,57
25,"Travel_Frequently","Production",21,4,1,"Male",3,1,1,"L","N","Production Supervisors",5217,6260,5,"No",19,3,0,7,"N",2,8,5,1,2,31
26,"Travel_Rarely","Production",4,4,1,"Male",4,1,4,"H","N","Machinists ",4420,13421,4,"No",22,2,1,8,"Y",3,8,7,0,7,67
34,"Travel_Rarely","Research & Development",24,4,2,"Female",4,1,2,"H","N","Research and Design Specialists",3280,13551,5,"No",16,3,0,10,"Y",3,4,2,1,3,60
59,"Travel_Frequently","Sales",5,1,1,"Female",2,2,2,"L","N","Sales Executive",5473,24668,7,"No",11,4,0,20,"Y",2,4,3,1,3,49
52,"Travel_Frequently","Research & Development",3,4,3,"Female",2,4,2,"H","Y","Manufacturing Director",13826,19028,3,"No",22,3,0,31,"Y",3,9,8,0,0,62
53,"Travel_Rarely","Research & Development",21,4,2,"Male",4,3,1,"L","Y","Customercare Representative",7005,3458,4,"No",15,3,0,11,"N",3,4,3,1,2,29
28,"Travel_Rarely","Finance",11,4,2,"Male",2,3,1,"L","Y","Accountant",8292,9121,2,"No",19,1,0,10,"Y",1,4,4,1,7,83
51,"Travel_Rarely","IT_Suppport",23,4,1,"Male",2,3,1,"H","N","IT specialists",8508,9359,4,"No",15,2,0,7,"N",1,3,2,1,2,46
37,"Travel_Frequently","Finance",4,3,1,"Female",3,3,2,"L","Y","Accountant",9202,10122,9,"No",20,1,0,10,"Y",1,4,7,3,2,63
47,"Travel_Rarely","Production",6,4,2,"Female",3,1,2,"L","Y","Machinists ",2105,5411,2,"No",12,3,0,7,"Y",3,2,2,2,0,61
25,"Travel_Rarely","Finance",18,4,1,"Male",3,2,2,"L","Y","Accountant",8208,9029,5,"No",16,2,0,7,"Y",3,8,4,1,7,83
23,"Travel_Rarely","Production",2,3,3,"Male",4,1,2,"H","Y","Machinists ",1601,3445,1,"Yes",21,3,2,1,"Y",3,0,0,0,0,52
35,"Travel_Rarely","Sales",7,2,1,"Male",1,2,1,"L","Y","Sales Executive",5440,22098,9,"Yes",14,4,2,7,"N",2,2,2,2,2,40
24,"Travel_Frequently","Production",5,3,2,"Male",3,1,1,"H","N","Machinists ",3172,16998,9,"Yes",11,3,0,4,"N",2,0,0,0,0,27
32,"Travel_Rarely","Sales",10,5,4,"Male",3,2,2,"H","N","Sales Executive",9204,23343,5,"No",12,3,1,7,"Y",2,4,3,0,3,72
51,"Travel_Rarely","Research & Development",3,3,4,"Female",3,4,4,"H","N","Customercare Representative",13734,7192,3,"No",18,3,0,21,"Y",3,7,7,1,0,74
31,"Travel_Rarely","Research & Development",4,4,4,"Male",3,1,1,"L","Y","Research and Design Specialists",2356,14871,5,"Yes",19,2,1,8,"Y",3,6,4,0,2,51
27,"Travel_Rarely","Research & Development",19,4,1,"Male",2,1,2,"H","N","Research and Design Specialists",2045,15174,6,"No",13,4,0,5,"Y",3,4,2,1,1,60
26,"Travel_Rarely","Research & Development",14,2,3,"Male",3,1,2,"L","Y","Research and Design Specialists",2875,9973,1,"Yes",20,2,0,8,"Y",2,8,5,2,2,61
37,"Non-Travel","Research & Development",17,5,2,"Female",3,2,1,"L","N","Research and Design Specialists",4449,23866,3,"Yes",15,1,2,15,"N",3,13,11,10,7,31
29,"Travel_Rarely","Research & Development",25,1,3,"Female",1,2,2,"L","N","Customercare Representative",9715,7288,9,"No",13,3,1,9,"Y",3,7,7,0,7,59
34,"Travel_Rarely","Production",6,3,2,"Male",3,1,1,"L","N","Machinists ",2008,6896,5,"No",14,2,2,1,"N",3,1,0,1,0,47
41,"Travel_Rarely","Sales",12,1,3,"Female",3,3,4,"L","Y","Sales Executive",10447,26458,4,"Yes",13,4,1,23,"Y",4,22,14,13,5,63
25,"Travel_Rarely","Research & Development",25,3,1,"Female",3,2,2,"H","N","Manufacturing Director",4898,7505,0,"No",12,4,2,5,"Y",3,4,2,1,2,68
41,"Travel_Rarely","Research & Development",7,3,2,"Female",3,5,2,"H","Y","Research Director",19545,16280,1,"No",12,4,0,23,"N",3,22,15,15,8,69
28,"Travel_Rarely","Production",19,2,3,"Male",3,2,1,"H","N","Machinists ",4558,13535,1,"No",12,4,1,10,"Y",3,10,0,1,8,56
40,"Travel_Frequently","Research & Development",17,4,2,"Female",3,3,2,"L","Y","Research Director",13499,13782,7,"No",17,3,0,20,"Y",2,18,7,2,13,59
42,"Travel_Frequently","Research & Development",25,3,3,"Male",4,1,2,"L","N","Research and Design Specialists",2759,20366,4,"Yes",12,4,0,7,"N",3,2,2,2,2,42
58,"Travel_Frequently","Production",6,1,4,"Male",2,1,2,"H","N","Machinists ",2380,13384,7,"Yes",14,4,1,3,"N",2,1,0,0,0,24
24,"Travel_Rarely","Sales",13,1,1,"Female",3,1,2,"H","N","Sales Representative",3202,21972,1,"Yes",16,2,0,6,"Y",3,5,3,1,4,57
35,"Travel_Frequently","Research & Development",17,4,4,"Female",3,1,1,"H","N","Research and Design Specialists",2022,16612,4,"Yes",19,1,1,10,"N",2,10,2,7,8,27
38,"Travel_Rarely","Sales",10,4,2,"Male",3,2,1,"L","Y","Sales Executive",6861,4981,4,"Yes",12,3,0,19,"Y",3,1,0,0,0,58
46,"Travel_Rarely","Research & Development",7,4,4,"Male",3,5,1,"H","Y","Research Director",19627,21445,1,"No",17,4,2,23,"Y",3,2,2,2,2,56
30,"Travel_Rarely","IT_Suppport",2,3,2,"Female",3,1,3,"L","Y","IT specialists",6985,7684,6,"No",15,3,0,5,"Y",1,5,5,2,7,73
24,"Travel_Rarely","Research & Development",18,2,2,"Male",2,2,3,"L","Y","Customercare Representative",4617,14120,8,"No",12,2,0,4,"Y",2,4,3,1,2,71
45,"Non-Travel","Sales",9,4,3,"Female",3,2,1,"L","Y","Sales Executive",5154,19665,2,"No",22,2,2,10,"Y",4,8,7,5,7,55
28,"Travel_Frequently","Sales",17,3,1,"Male",3,1,1,"L","N","Sales Representative",2909,15747,1,"No",15,4,1,5,"N",4,3,2,1,2,27
38,"Travel_Rarely","Production",15,2,4,"Female",2,1,2,"L","N","Machinists ",3702,16376,5,"No",11,2,1,5,"Y",3,5,4,0,4,52
53,"Travel_Frequently","Finance",7,3,2,"Male",2,3,2,"L","N","Accountant",9497,10447,7,"No",15,4,1,10,"N",1,8,2,2,6,50
42,"Travel_Rarely","Sales",19,4,3,"Male",3,2,2,"H","Y","Sales Executive",6825,21173,0,"No",11,4,1,10,"Y",3,9,7,4,2,62
30,"Travel_Rarely","Research & Development",8,3,3,"Male",3,2,2,"H","N","Manufacturing Director",9957,9096,9,"No",15,3,1,7,"N",2,6,2,0,2,45
26,"Travel_Rarely","Finance",2,3,2,"Female",2,3,1,"L","Y","Accountant",9265,10192,8,"Yes",16,1,0,5,"Y",2,4,7,3,4,74
50,"Travel_Rarely","Finance",18,4,2,"Male",3,3,4,"H","N","Accountant",8305,9136,6,"No",16,2,0,7,"N",2,9,3,3,3,35
32,"Travel_Rarely","Research & Development",5,2,4,"Female",2,2,4,"L","Y","Research and Design Specialists",5878,15624,2,"No",12,1,1,12,"Y",3,7,1,2,5,74
20,"Travel_Rarely","Production",9,3,1,"Male",2,1,4,"L","N","Machinists ",3033,12828,2,"No",12,1,0,2,"Y",2,2,2,1,2,64
39,"Travel_Rarely","Finance",25,3,1,"Male",2,2,1,"L","N","Accountant",9923,10915,2,"No",15,3,0,8,"N",1,6,5,3,6,48
35,"Travel_Rarely","Sales",21,3,4,"Male",2,3,2,"L","Y","Sales Executive",10306,21530,9,"No",17,3,0,15,"Y",3,13,12,6,0,54
30,"Travel_Rarely","Sales",20,2,3,"Female",2,2,3,"H","N","Sales Executive",5209,19760,1,"Yes",12,2,3,11,"Y",2,11,8,2,7,53
32,"Travel_Rarely","IT_Suppport",23,3,2,"Male",4,2,1,"H","Y","IT specialists",10831,11914,9,"No",16,2,1,8,"Y",1,3,2,3,3,71
56,"Travel_Rarely","Research & Development",16,4,2,"Female",3,1,2,"L","Y","Research and Design Specialists",4963,4510,9,"Yes",18,1,3,7,"N",3,5,4,4,3,33
47,"Travel_Rarely","Finance",22,3,2,"Male",2,2,2,"L","N","Accountant",9017,9919,1,"Yes",18,3,1,6,"Y",1,8,3,3,7,33
39,"Travel_Rarely","Sales",5,3,4,"Male",4,3,2,"H","N","Sales Executive",8237,4658,9,"No",11,1,1,11,"Y",3,7,6,7,6,73
37,"Travel_Rarely","Research & Development",8,4,4,"Male",3,2,2,"L","N","Research and Design Specialists",4284,13588,1,"Yes",22,3,1,16,"N",3,5,3,0,4,42
38,"Travel_Rarely","Human Resources",2,3,3,"Male",4,1,2,"L","Y","Human Resources",2844,6004,3,"No",13,4,1,7,"N",4,7,6,5,0,49
44,"Travel_Rarely","Production",2,3,1,"Male",3,1,2,"L","N","Machinists ",2362,14669,3,"No",12,3,0,10,"N",4,3,2,1,2,24
43,"Travel_Rarely","Finance",8,3,2,"Male",2,2,1,"L","Y","Accountant",8045,8850,8,"Yes",20,1,1,5,"Y",2,8,6,2,4,81
36,"Non-Travel","Research & Development",12,3,1,"Female",4,3,2,"H","N","Research Director",11713,20335,2,"No",14,1,1,10,"Y",3,8,7,0,5,54
34,"Non-Travel","Sales",24,3,4,"Male",3,2,2,"L","N","Sales Executive",4001,12313,7,"Yes",14,3,1,15,"Y",3,15,14,0,7,61
27,"Travel_Rarely","Finance",9,4,2,"Male",3,2,1,"L","Y","Accountant",8980,9878,9,"Yes",15,2,0,10,"Y",3,10,4,1,6,62
36,"Travel_Rarely","Sales",4,4,2,"Female",2,2,2,"L","N","Sales Executive",5673,6060,8,"Yes",13,1,1,10,"N",3,10,9,1,7,43
52,"Travel_Rarely","Finance",21,4,2,"Male",3,3,2,"L","N","Accountant",9190,10109,2,"Yes",17,1,0,9,"Y",3,10,3,2,2,30
36,"Travel_Rarely","Research & Development",12,2,2,"Male",3,2,2,"H","N","Manufacturing Director",4941,2819,6,"No",20,4,2,7,"Y",3,3,2,0,1,70
36,"Travel_Rarely","Sales",2,3,1,"Female",2,3,2,"L","Y","Sales Executive",7644,12695,4,"No",19,3,2,10,"Y",3,9,7,3,4,68
42,"Travel_Rarely","Finance",10,3,1,"Male",3,2,2,"L","Y","Accountant",9438,10382,7,"Yes",18,2,0,9,"N",2,3,2,1,6,56
40,"Travel_Rarely","Production",20,2,3,"Male",3,2,2,"L","N","Machinists ",2741,16523,8,"Yes",15,3,1,15,"N",4,7,2,3,7,36
55,"Travel_Rarely","Sales",18,2,1,"Male",3,3,2,"L","N","Sales Executive",10239,18092,3,"No",14,4,1,24,"Y",3,1,0,1,0,50
53,"Travel_Rarely","Sales",11,1,4,"Female",3,2,4,"H","N","Sales Executive",8381,7507,4,"No",20,4,0,18,"Y",4,14,7,8,10,64
28,"Travel_Rarely","Sales",16,3,4,"Male",3,2,1,"L","Y","Sales Executive",8463,23490,2,"No",18,4,0,6,"Y",3,5,4,1,3,56
42,"Travel_Rarely","Finance",16,3,2,"Male",2,2,2,"L","Y","Accountant",8989,9888,4,"Yes",18,4,1,10,"N",1,7,3,2,3,71
28,"Travel_Rarely","Research & Development",17,3,3,"Male",3,1,1,"L","N","Research and Design Specialists",2713,6672,1,"No",11,3,1,5,"N",1,5,2,0,2,28
34,"Travel_Frequently","Research & Development",14,4,4,"Male",3,1,2,"H","Y","Research and Design Specialists",3815,5972,1,"Yes",17,4,1,5,"Y",4,5,3,2,0,73
36,"Travel_Rarely","Research & Development",9,2,2,"Male",2,2,1,"L","N","Manufacturing Director",8847,13934,8,"Yes",11,3,1,13,"N",3,3,2,0,2,47
47,"Travel_Rarely","Research & Development",10,3,1,"Male",3,3,4,"L","Y","Customercare Representative",8633,13084,3,"No",23,2,0,25,"Y",3,17,14,12,11,64
39,"Travel_Rarely","Research & Development",17,4,3,"Female",2,4,2,"L","N","Manager",17123,17334,5,"Yes",13,4,2,21,"Y",3,19,9,15,2,57
31,"Travel_Rarely","Finance",25,3,2,"Female",3,2,1,"L","Y","Accountant",8333,9166,1,"Yes",19,1,0,9,"N",1,2,5,1,7,51
38,"Travel_Rarely","Research & Development",17,1,2,"Male",3,2,1,"L","N","Customercare Representative",6673,11354,7,"Yes",19,2,0,17,"N",3,1,0,0,0,18
29,"Travel_Rarely","Research & Development",1,3,3,"Male",4,1,1,"H","N","Research and Design Specialists",2451,22376,8,"No",18,1,2,5,"Y",2,1,0,0,0,56
38,"Travel_Rarely","Sales",19,4,4,"Female",2,2,2,"H","N","Sales Executive",4028,7791,4,"No",20,1,0,8,"Y",3,7,7,0,5,60
50,"Travel_Rarely","Research & Development",24,3,4,"Male",3,4,2,"H","Y","Manufacturing Director",13973,4161,7,"Yes",18,4,1,22,"Y",3,12,11,1,5,54
38,"Travel_Frequently","Research & Development",13,3,4,"Male",2,3,1,"L","N","Manufacturing Director",9526,8787,0,"No",21,2,0,10,"N",3,9,7,1,8,39
43,"Travel_Frequently","Research & Development",23,3,3,"Male",2,1,1,"L","N","Research and Design Specialists",2437,15587,4,"Yes",16,4,1,6,"N",3,1,0,0,0,21
30,"Travel_Rarely","Research & Development",24,4,2,"Female",3,3,2,"L","N","Manager",11916,25927,1,"Yes",23,4,2,9,"Y",3,9,1,0,8,50
42,"Travel_Rarely","Production",19,3,3,"Male",2,1,2,"L","Y","Machinists ",4841,24052,1,"No",14,2,1,4,"Y",3,1,0,0,0,70
41,"Travel_Rarely","Sales",6,4,4,"Male",3,4,1,"L","N","Manager",16015,15896,1,"No",19,2,0,22,"N",3,22,10,0,4,47
23,"Travel_Rarely","Production",16,1,4,"Male",2,1,2,"L","Y","Machinists ",3989,20586,1,"Yes",11,1,0,5,"N",3,5,4,1,2,33
35,"Travel_Rarely","Research & Development",18,2,4,"Female",2,2,2,"L","N","Manufacturing Director",4788,25388,1,"Yes",11,4,0,4,"Y",3,3,2,0,2,50
33,"Travel_Rarely","Finance",12,3,1,"Female",2,2,1,"L","Y","Accountant",8472,9319,6,"Yes",18,2,0,7,"N",1,8,6,1,5,77
33,"Travel_Frequently","Sales",17,3,3,"Female",4,2,2,"H","Y","Sales Executive",5376,3193,2,"No",19,1,2,10,"Y",3,5,3,1,3,60
36,"Travel_Frequently","Research & Development",1,2,4,"Female",3,2,2,"L","Y","Manufacturing Director",5131,9192,2,"No",13,2,3,18,"Y",3,4,2,0,2,93
26,"Travel_Frequently","Production",23,2,1,"Female",1,1,3,"H","N","Machinists ",4364,5288,5,"No",14,1,1,5,"Y",3,2,2,2,0,87
28,"Travel_Rarely","Research & Development",14,3,3,"Female",3,1,2,"H","Y","Research and Design Specialists",2377,9834,2,"No",18,2,1,6,"Y",3,2,2,2,2,54
42,"Travel_Frequently","Production",22,4,1,"Male",4,2,3,"L","N","Production Supervisors",7413,8896,2,"No",15,2,1,8,"N",3,2,2,1,4,34
39,"Non-Travel","Production",22,3,1,"Female",2,1,1,"L","Y","Machinists ",3646,17181,1,"Yes",23,2,0,11,"N",4,1,0,0,0,40
29,"Travel_Rarely","Sales",23,3,2,"Female",2,1,2,"H","N","Sales Representative",2800,23522,9,"Yes",19,3,3,5,"N",3,3,2,0,2,49
54,"Travel_Rarely","Research & Development",16,2,1,"Male",3,5,3,"H","N","Research Director",19406,8509,4,"No",11,3,1,24,"Y",2,4,2,1,2,75
45,"Travel_Frequently","Finance",4,3,2,"Male",2,2,4,"L","N","Accountant",9537,10491,8,"No",19,4,0,8,"N",2,6,7,2,3,32
60,"Travel_Rarely","Research & Development",25,4,3,"Male",1,3,2,"L","Y","Customercare Representative",10883,20467,7,"No",20,3,1,19,"Y",4,1,0,0,0,59
26,"Travel_Rarely","Production",6,3,3,"Male",3,1,2,"L","Y","Machinists ",2867,20006,4,"No",13,4,0,8,"Y",2,7,7,7,6,60
38,"Travel_Rarely","Research & Development",7,4,2,"Female",4,2,2,"L","N","Customercare Representative",7625,19383,7,"No",13,3,0,10,"N",2,9,7,1,8,48
34,"Travel_Rarely","Finance",14,4,2,"Male",3,3,2,"L","N","Accountant",9481,10429,5,"No",16,4,0,10,"N",2,4,7,2,6,46
47,"Travel_Rarely","Research & Development",13,3,3,"Female",2,3,2,"L","Y","Manufacturing Director",10333,19271,3,"Yes",12,3,1,28,"N",3,22,11,14,10,48
29,"Travel_Rarely","Sales",22,2,2,"Female",3,2,2,"H","N","Sales Executive",5561,3487,2,"No",14,1,1,6,"Y",2,6,0,1,2,60
40,"Travel_Rarely","Sales",9,2,2,"Male",1,2,2,"L","N","Sales Executive",7457,13273,2,"Yes",22,3,3,6,"N",2,4,3,0,2,43
28,"Travel_Rarely","Finance",20,4,2,"Male",2,2,1,"L","N","Accountant",9158,10074,3,"No",17,1,0,9,"Y",2,6,7,1,3,25
27,"Travel_Rarely","Research & Development",19,3,4,"Female",2,2,2,"H","N","Customercare Representative",6811,23398,6,"No",19,1,0,9,"Y",1,7,6,0,7,72
31,"Travel_Frequently","Research & Development",14,5,3,"Female",4,3,1,"H","N","Manufacturing Director",7446,8931,7,"No",11,1,0,10,"Y",3,10,8,4,7,55
48,"Travel_Rarely","Sales",15,3,1,"Female",3,2,1,"H","Y","IT specialists",8597,9457,1,"No",16,2,1,10,"Y",1,10,6,3,4,80
41,"Travel_Rarely","Sales",16,2,2,"Female",3,1,1,"L","N","Sales Representative",3140,21728,1,"Yes",22,4,0,4,"N",2,4,3,0,2,22
28,"Travel_Rarely","Sales",20,4,1,"Male",3,2,2,"L","N","Sales Executive",4908,24252,7,"No",14,2,0,4,"Y",3,4,2,0,2,50
31,"Travel_Rarely","Finance",19,4,1,"Male",3,2,1,"L","Y","Accountant",8585,9444,6,"No",17,1,0,5,"Y",1,2,4,1,6,52
35,"Travel_Rarely","Sales",25,3,2,"Male",3,2,2,"H","N","Sales Executive",4717,18659,9,"No",11,3,0,15,"Y",3,11,9,6,9,70
38,"Travel_Frequently","Research & Development",14,1,3,"Male",3,1,2,"H","Y","Research and Design Specialists",2684,12127,9,"No",17,2,1,3,"Y",2,2,1,0,2,59
34,"Travel_Rarely","Research & Development",25,3,3,"Female",4,1,2,"L","Y","Research and Design Specialists",2585,21643,4,"No",17,4,0,2,"N",2,1,0,0,0,44
27,"Travel_Rarely","Production",15,4,3,"Female",3,1,2,"L","Y","Machinists ",2811,12086,7,"No",14,2,1,4,"Y",3,2,2,2,2,60
58,"Travel_Rarely","Research & Development",7,4,4,"Male",3,5,1,"L","N","Research Director",19246,25761,4,"Yes",12,4,0,40,"N",3,31,15,13,8,40
19,"Travel_Rarely","Production",20,3,2,"Male",2,1,2,"L","Y","Machinists ",1102,9241,1,"No",22,3,0,1,"N",2,1,0,1,0,49
39,"Non-Travel","Production",10,3,3,"Male",3,2,2,"L","N","Machinists ",6782,8770,7,"No",15,3,0,9,"N",2,5,4,0,3,49
32,"Travel_Rarely","Finance",2,3,2,"Female",3,2,2,"L","Y","Accountant",8538,9392,4,"Yes",15,4,0,5,"N",2,2,7,1,3,77
25,"Travel_Frequently","Sales",3,1,3,"Male",1,1,2,"L","N","Sales Representative",1118,8040,6,"Yes",14,4,0,1,"Y",3,1,0,1,0,50
44,"Travel_Frequently","Finance",20,3,2,"Female",3,3,2,"L","Y","Accountant",9970,10967,6,"No",17,1,1,6,"Y",1,9,5,1,5,82
40,"Travel_Frequently","Finance",21,4,2,"Male",2,3,1,"L","Y","Accountant",9913,10904,1,"No",15,1,0,9,"Y",1,6,7,2,6,69
38,"Travel_Rarely","Sales",3,3,3,"Male",3,2,3,"H","N","Sales Executive",9924,12355,6,"No",11,4,1,10,"Y",3,9,8,7,7,76
34,"Travel_Rarely","Sales",16,4,3,"Female",3,1,2,"L","N","Sales Representative",2220,18410,5,"Yes",19,4,1,1,"N",3,1,1,0,0,42
32,"Travel_Rarely","Research & Development",8,4,1,"Female",3,2,2,"L","N","Research and Design Specialists",6322,18089,8,"Yes",12,4,1,6,"N",2,6,4,0,5,42
55,"Travel_Rarely","IT_Suppport",24,3,1,"Female",4,4,3,"H","Y","IT specialists",6267,6894,8,"Yes",19,2,1,8,"Y",2,8,4,3,2,73
39,"Non-Travel","Research & Development",12,2,3,"Male",3,3,2,"H","Y","Customercare Representative",10920,3449,9,"No",21,2,1,13,"N",3,6,4,0,5,41
29,"Travel_Frequently","Research & Development",5,1,3,"Female",3,3,2,"L","N","Customercare Representative",7553,22930,3,"Yes",12,1,0,9,"N",3,8,7,7,7,24
25,"Travel_Rarely","Production",14,1,4,"Male",3,1,1,"L","N","Machinists ",3691,4605,2,"Yes",15,2,1,7,"N",4,7,7,5,6,28
26,"Travel_Rarely","Research & Development",13,2,2,"Female",2,1,2,"L","Y","Research and Design Specialists",2933,14908,3,"Yes",13,3,1,1,"Y",2,1,0,1,0,59
56,"Travel_Rarely","Research & Development",24,3,3,"Female",3,1,4,"H","N","Research and Design Specialists",4257,13939,4,"Yes",18,3,1,19,"Y",3,2,2,2,2,65
54,"Travel_Rarely","Finance",4,3,1,"Female",3,3,2,"L","Y","Accountant",8453,9298,8,"Yes",18,4,1,5,"N",1,10,7,3,3,72
30,"Travel_Rarely","Finance",23,4,2,"Male",3,3,4,"H","N","Accountant",8400,9240,9,"No",15,3,1,9,"N",1,9,2,3,5,36
44,"Non-Travel","Production",17,3,3,"Male",2,1,1,"L","Y","Machinists ",3162,7973,9,"No",14,4,0,7,"Y",3,5,2,0,3,55
19,"Non-Travel","Research & Development",24,3,1,"Female",2,1,2,"H","N","Research and Design Specialists",1859,6148,9,"Yes",25,2,0,1,"N",4,1,1,0,0,36
36,"Travel_Rarely","Research & Development",10,3,4,"Male",2,1,2,"H","N","Research and Design Specialists",3388,21777,0,"Yes",17,1,1,2,"Y",2,1,0,0,0,67
49,"Travel_Rarely","Research & Development",14,4,3,"Female",3,2,2,"L","N","Manufacturing Director",6567,5549,1,"No",14,3,0,16,"N",2,15,11,5,11,43
25,"Travel_Rarely","Production",2,3,1,"Male",3,1,1,"L","N","Machinists ",4031,9396,5,"No",13,3,1,6,"N",3,2,2,0,2,47
29,"Travel_Rarely","Research & Development",15,3,4,"Female",2,1,1,"L","Y","Research and Design Specialists",2404,11479,8,"Yes",20,3,0,3,"Y",3,0,0,0,0,58
